0 1
0.10000000000000001 1
0.20000000000000001 1
0.30000000000000004 1
0.40000000000000002 1
0.5 1
0.59999999999999998 1
0.69999999999999996 1
0.79999999999999993 1
0.89999999999999991 1
0.99999999999999989 1
1.0999999999999999 1
1.2 2
1.3 2
1.4000000000000001 4
1.5000000000000002 4
1.6000000000000003 8
1.7000000000000004 8
1.8000000000000005 16
1.9000000000000006 16
2.0000000000000004 32
2.1000000000000005 32
2.2000000000000006 32
2.3000000000000007 64
2.4000000000000008 64
2.5000000000000009 65
2.600000000000001 65
2.7000000000000011 65
2.8000000000000012 65
2.9000000000000012 1
3.0000000000000013 2
3.1000000000000014 2
3.2000000000000015 3
3.3000000000000016 3
3.4000000000000017 6
3.5000000000000018 6
3.6000000000000019 12
3.700000000000002 12
3.800000000000002 24
3.9000000000000021 24
4.0000000000000018 32.4964
4.1000000000000014 32.4964
4.2000000000000011 33.4671
4.3000000000000007 33.4671
4.4000000000000004 34.4394
4.5 34.4394
4.5999999999999996 35.4133
4.6999999999999993 35.4133
4.7999999999999989 36.3886
4.8999999999999986 36.3886
4.9999999999999982 36.9072
5.0999999999999979 37.3652
5.1999999999999975 37.7646
5.2999999999999972 38.3429
5.3999999999999968 38.4992
5.4999999999999964 39.3218
5.5999999999999961 39.3218
5.6999999999999957 40.3017
5.7999999999999954 40.3017
5.899999999999995 41.2826
5.9999999999999947 41.2826
6.0999999999999943 42.2644
6.199999999999994 42.2644
6.2999999999999936 43.2238
6.3999999999999932 43.247
6.4999999999999929 43.7986
6.5999999999999925 44.2303
6.6999999999999922 44.2303
6.7999999999999918 45.2144
6.8999999999999915 45.2144
6.9999999999999911 46.1992
7.0999999999999908 46.1992
7.1999999999999904 47.1846
7.2999999999999901 47.1846
7.3999999999999897 48.1706
7.4999999999999893 48.1706
7.599999999999989 49.1572
7.6999999999999886 49.1572
7.7999999999999883 50.1443
7.8999999999999879 50.2041
7.9999999999999876 51.1319
8.0999999999999872 51.3076
8.1999999999999869 52.1199
8.2999999999999865 52.2924
8.3999999999999861 53.1084
8.4999999999999858 53.2401
8.5999999999999854 54.0974
8.6999999999999851 54.0974
8.7999999999999847 55.0867
8.8999999999999844 55.1048
8.999999999999984 56.0764
9.0999999999999837 56.2011
9.1999999999999833 57.0664
9.2999999999999829 57.2764
9.3999999999999826 58.0568
9.4999999999999822 58.3318
9.5999999999999819 59.0475
9.6999999999999815 59.3685
9.7999999999999812 60.0386
9.8999999999999808 60.3874
9.9999999999999805 61.0299
10.09999999999998 61.3893
10.19999999999998 62.0215
10.299999999999979 62.3912
10.399999999999979 63.0133
10.499999999999979 63.3615
10.599999999999978 64.0054
10.699999999999978 64.3327
10.799999999999978 64.9978
10.899999999999977 65.2741
10.999999999999977 65.9297
11.099999999999977 66.1871
11.199999999999976 66.8486
11.299999999999976 67.0726
11.399999999999975 67.7403
11.499999999999975 67.932
11.599999999999975 68.6059
11.699999999999974 68.9113
11.799999999999974 69.4462
11.899999999999974 69.8769
11.999999999999973 70.248
12.099999999999973 70.7728
12.199999999999973 71.1112
12.299999999999972 71.6436
12.399999999999972 71.8527
12.499999999999972 72.4763
12.599999999999971 72.6555
12.699999999999971 72.6555
12.799999999999971 72.6555
12.89999999999997 1
12.99999999999997 1
13.099999999999969 2
13.199999999999969 2
13.299999999999969 4
13.399999999999968 4
13.499999999999968 8
13.599999999999968 8
13.699999999999967 16
13.799999999999967 16
13.899999999999967 32
13.999999999999966 32
14.099999999999966 36.7698
14.199999999999966 36.7698
14.299999999999965 37.7365
14.399999999999965 37.8424
14.499999999999964 38.7049
14.599999999999964 38.9882
14.699999999999964 39.6749
14.799999999999963 40.1012
14.899999999999963 40.6463
14.999999999999963 41.1842
15.099999999999962 41.619
15.199999999999962 42.263
15.299999999999962 42.5931
15.399999999999961 43.315
15.499999999999961 43.5682
15.599999999999961 44.3194
15.69999999999996 44.5445
15.79999999999996 45.3236
15.899999999999959 45.5218
15.999999999999959 46.3492
16.099999999999959 46.5001
16.19999999999996 47.3527
16.299999999999962 47.4792
16.399999999999963 48.3352
16.499999999999964 48.4592
16.599999999999966 49.2982
16.699999999999967 49.44
16.799999999999969 50.2626
16.89999999999997 50.4216
16.999999999999972 51.2089
17.099999999999973 51.4039
17.199999999999974 52.1572
17.299999999999976 52.3868
17.399999999999977 53.0885
17.499999999999979 53.3703
17.59999999999998 53.9111
17.699999999999982 54.3545
17.799999999999983 54.6298
17.899999999999984 55.285
17.999999999999986 55.3392
18.099999999999987 56.2
18.199999999999989 56.3245
18.29999999999999 57.0829
18.399999999999991 57.3103
18.499999999999993 57.9006
18.599999999999994 58.2793
18.699999999999996 58.5191
18.799999999999997 59.1819
18.899999999999999 59.5021
19 60.2205
19.100000000000001 60.5848
19.200000000000003 61.2252
19.300000000000004 61.6485
19.400000000000006 62.2298
19.500000000000007 62.7101
19.600000000000009 63.2184
19.70000000000001 63.754
19.800000000000011 64.2073
19.900000000000013 64.7502
20.000000000000014 65.1812
20.100000000000016 65.6856
20.200000000000017 66.0954
20.300000000000018 66.4877
20.40000000000002 67.0419
20.500000000000021 67.191
20.600000000000023 67.9753
20.700000000000024 68.1809
20.800000000000026 68.8524
20.900000000000027 69.1567
21.000000000000028 69.7615
21.10000000000003 70.1189
21.200000000000031 70.6872
21.300000000000033 71.0681
21.400000000000034 71.545
21.500000000000036 72.0187
21.600000000000037 72.3789
21.700000000000038 72.8883
21.80000000000004 73.1349
21.900000000000041 73.8154
22.000000000000043 74.1264
22.100000000000044 74.7177
22.200000000000045 74.9716
22.300000000000047 74.9716
22.400000000000048 74.9716
22.50000000000005 1
22.600000000000051 1
22.700000000000053 2
22.800000000000054 2
22.900000000000055 4
23.000000000000057 4
23.100000000000058 8
23.20000000000006 8
23.300000000000061 16
23.400000000000063 16
23.500000000000064 32
23.600000000000065 32
23.700000000000067 37.7229
23.800000000000068 37.7229
23.90000000000007 38.6917
24.000000000000071 38.6917
24.100000000000072 39.6619
24.200000000000074 39.6619
24.300000000000075 40.6337
24.400000000000077 40.6829
24.500000000000078 41.6067
24.60000000000008 41.7986
24.700000000000081 42.581
24.800000000000082 42.8853
24.900000000000084 43.5564
25.000000000000085 43.9451
25.100000000000087 44.533
25.200000000000088 44.8909
25.30000000000009 45.5105
25.400000000000091 45.7953
25.500000000000092 46.489
25.600000000000094 46.6394
25.700000000000095 47.4684
25.800000000000097 47.4684
25.900000000000098 48.4486
26.000000000000099 48.4486
26.100000000000101 49.4296
26.200000000000102 49.4296
26.300000000000104 50.3717
26.400000000000105 50.4114
26.500000000000107 51.1989
26.600000000000108 51.3939
26.700000000000109 51.8395
26.800000000000111 52.377
26.900000000000112 52.377
27.000000000000114 53.3607
27.100000000000115 53.3607
27.200000000000117 54.2898
27.300000000000118 54.3451
27.400000000000119 55.2214
27.500000000000121 55.3299
27.600000000000122 56.2265
27.700000000000124 56.3154
27.800000000000125 57.2489
27.900000000000126 57.3013
28.000000000000128 58.2534
28.100000000000129 58.2877
28.200000000000131 59.2408
28.300000000000132 59.2745
28.400000000000134 60.2286
28.500000000000135 60.2618
28.600000000000136 61.1351
28.700000000000138 61.2495
28.800000000000139 62.0122
28.900000000000141 62.2376
29.000000000000142 62.8134
29.100000000000144 63.2261
29.200000000000145 63.5259
29.300000000000146 64.2149
29.400000000000148 64.2616
29.500000000000149 65.1734
29.600000000000151 65.204
29.700000000000152 65.9968
29.800000000000153 66.1935
29.900000000000155 66.7052
30.000000000000156 67.1833
30.100000000000158 67.7466
30.200000000000159 68.1734
30.300000000000161 68.7868
30.400000000000162 69.1638
30.500000000000163 69.8257
30.600000000000165 70.1544
30.700000000000166 70.8636
30.800000000000168 71.1453
30.900000000000169 71.9143
31.000000000000171 72.1365
31.100000000000172 72.991
31.200000000000173 73.1278
31.300000000000175 73.9438
31.400000000000176 74.1195
31.500000000000178 74.6036
31.600000000000179 75.1113
31.70000000000018 75.4699
31.800000000000182 76.1034
31.900000000000183 76.5489
32.000000000000185 77.1605
32.100000000000186 77.6256
32.200000000000188 78.2288
32.300000000000189 78.7131
32.40000000000019 79.2449
32.500000000000192 79.7858
32.600000000000193 80.2607
32.700000000000195 80.7947
32.800000000000196 81.2637
32.900000000000198 81.8034
33.000000000000199 82.2666
33.1000000000002 82.7998
33.200000000000202 83.2575
33.300000000000203 83.7844
33.400000000000205 84.2486
33.500000000000206 84.7339
33.600000000000207 85.2399
33.700000000000209 85.6729
33.80000000000021 86.2082
33.900000000000212 86.6132
34.000000000000213 87.1427
34.100000000000215 87.5092
34.200000000000216 88.0788
34.300000000000217 88.3622
34.400000000000219 88.96
34.50000000000022 89.2518
34.600000000000222 89.8437
34.700000000000223 90.2213
34.800000000000225 90.6747
34.900000000000226 91.1916
35.000000000000227 91.5309
35.100000000000229 92.0973
35.20000000000023 92.3467
35.300000000000232 92.9189
35.400000000000233 93.1983
35.500000000000234 93.7226
35.600000000000236 94.1803
35.700000000000237 94.7414
35.800000000000239 95.1837
35.90000000000024 95.7807
36.000000000000242 96.1767
36.100000000000243 96.8192
36.200000000000244 97.1698
36.300000000000246 97.8467
36.400000000000247 98.163
36.500000000000249 98.8837
36.60000000000025 99.1564
36.700000000000252 99.8999
36.800000000000253 100.15
36.900000000000254 100.886
37.000000000000256 101.143
37.100000000000257 101.853
37.200000000000259 102.127
37.30000000000026 102.791
37.400000000000261 103.121
37.500000000000263 103.682
37.600000000000264 104.077
37.700000000000266 104.537
37.800000000000267 104.986
37.900000000000269 105.319
38.00000000000027 105.84
38.100000000000271 106.113
38.200000000000273 106.762
38.300000000000274 107.098
38.400000000000276 107.648
38.500000000000277 108.037
38.600000000000279 108.462
38.70000000000028 108.886
38.800000000000281 109.508
38.900000000000283 109.909
39.000000000000284 110.545
39.100000000000286 110.933
39.200000000000287 111.562
39.300000000000288 111.956
39.40000000000029 112.57
39.500000000000291 112.996
39.600000000000293 113.543
39.700000000000294 114.018
39.800000000000296 114.517
39.900000000000297 115.031
40.000000000000298 115.465
40.1000000000003 116.035
40.200000000000301 116.439
40.300000000000303 117.022
40.400000000000304 117.44
40.500000000000306 118.009
40.600000000000307 118.432
40.700000000000308 118.988
40.80000000000031 119.424
40.900000000000311 119.967
41.000000000000313 120.417
41.100000000000314 120.914
41.200000000000315 121.401
41.300000000000317 121.853
41.400000000000318 122.394
41.50000000000032 122.785
41.600000000000321 123.378
41.700000000000323 123.678
41.800000000000324 124.339
41.900000000000325 124.54
42.000000000000327 125.277
42.100000000000328 125.404
42.20000000000033 126.12
42.300000000000331 126.373
42.400000000000333 126.895
42.500000000000334 127.359
42.600000000000335 127.649
42.700000000000337 128.321
42.800000000000338 128.461
42.90000000000034 128.593
43.000000000000341 128.593
43.100000000000342 128.593
43.200000000000344 1
43.300000000000345 1
43.400000000000347 2
43.500000000000348 3
43.60000000000035 4
43.700000000000351 8
43.800000000000352 8
43.900000000000354 16
44.000000000000355 16
44.100000000000357 32
44.200000000000358 32
44.30000000000036 57
44.400000000000361 64
44.500000000000362 64.5136
44.600000000000364 64.9924
44.700000000000365 65.5593
44.800000000000367 65.9699
44.900000000000368 66.6036
45.000000000000369 66.9481
45.100000000000371 67.617
45.200000000000372 67.9269
45.300000000000374 68.6154
45.400000000000375 68.9063
45.500000000000377 69.6282
45.600000000000378 69.8863
45.700000000000379 70.6123
45.800000000000381 70.8668
45.900000000000382 71.6248
46.000000000000384 71.8479
46.100000000000385 72.6094
46.200000000000387 72.8295
46.300000000000388 73.5944
46.400000000000389 73.8115
46.500000000000391 74.553
46.600000000000392 74.7941
46.700000000000394 75.4994
46.800000000000395 75.7771
46.900000000000396 76.4211
47.000000000000398 76.7605
47.100000000000399 77.3317
47.200000000000401 77.7444
47.300000000000402 78.2189
47.400000000000404 78.7287
47.500000000000405 79.0962
47.600000000000406 79.6757
47.700000000000408 79.9138
47.800000000000409 80.5496
47.900000000000411 80.6984
48.000000000000412 81.3894
48.100000000000414 81.6838
48.200000000000415 82.1721
48.300000000000416 82.6696
48.400000000000418 82.9714
48.500000000000419 82.9714
48.600000000000421 82.9714
48.700000000000422 1
48.800000000000423 1
48.900000000000425 2
49.000000000000426 2
49.100000000000428 4
49.200000000000429 4
49.300000000000431 8
49.400000000000432 8
49.500000000000433 16
49.600000000000435 16
49.700000000000436 32
49.800000000000438 32
49.900000000000439 41.2433
50.000000000000441 41.5574
50.100000000000442 41.9407
50.200000000000443 42.5328
50.300000000000445 43.0935
50.400000000000446 43.5093
50.500000000000448 44.2389
50.600000000000449 44.4869
50.70000000000045 45.3994
50.800000000000452 45.4654
50.900000000000453 46.4449
51.000000000000455 46.4449
51.100000000000456 47.4252
51.200000000000458 47.4252
51.300000000000459 48.4063
51.40000000000046 48.4063
51.500000000000462 49.3881
51.600000000000463 49.3881
51.700000000000465 50.3707
51.800000000000466 50.3707
51.900000000000468 51.3539
52.000000000000469 51.3539
52.10000000000047 52.3378
52.200000000000472 52.3378
52.300000000000473 53.3223
52.400000000000475 53.3223
52.500000000000476 54.2889
52.600000000000477 54.3625
52.700000000000479 55.2748
52.80000000000048 55.4554
52.900000000000482 56.2611
53.000000000000483 56.5272
53.100000000000485 57.2655
53.200000000000486 57.5964
53.300000000000487 58.2525
53.400000000000489 58.5778
53.50000000000049 59.2399
53.600000000000492 59.5262
53.700000000000493 60.2112
53.800000000000495 60.4433
53.900000000000496 61.1506
54.000000000000497 61.2977
54.100000000000499 62.092
54.2000000000005 62.2046
54.300000000000502 63.0352
54.400000000000503 63.1936
54.500000000000504 63.9175
54.600000000000506 64.1829
54.700000000000507 64.7878
54.800000000000509 65.1726
54.90000000000051 65.5551
55.000000000000512 66.1323
55.100000000000513 66.2833
55.200000000000514 66.9738
55.300000000000516 67.1528
55.400000000000517 67.7901
55.500000000000519 68.1433
55.60000000000052 68.5968
55.700000000000522 68.7278
55.800000000000523 68.7278
55.900000000000524 68.7278
56.000000000000526 1
56.100000000000527 1
56.200000000000529 2
56.30000000000053 4
56.400000000000531 4
56.500000000000533 8
56.600000000000534 8
56.700000000000536 16
56.800000000000537 16
56.900000000000539 32
57.00000000000054 32
57.100000000000541 34.4966
57.200000000000543 34.8716
57.300000000000544 35.4407
57.400000000000546 35.8337
57.500000000000547 36.5523
57.600000000000549 36.7978
57.70000000000055 37.6045
57.800000000000551 37.7638
57.900000000000553 38.6281
58.000000000000554 38.7315
58.100000000000556 39.6504
58.200000000000557 39.7008
58.300000000000558 40.647
58.40000000000056 40.6716
58.500000000000561 41.6197
58.600000000000563 41.6438
58.700000000000564 42.5937
58.800000000000566 42.6172
58.900000000000567 43.5689
59.000000000000568 43.5918
59.10000000000057 44.5451
59.200000000000571 44.5676
59.300000000000573 45.5224
59.400000000000574 45.5444
59.500000000000576 46.5222
59.600000000000577 46.5437
59.700000000000578 47.5009
59.80000000000058 47.543
59.900000000000581 48.4805
60.000000000000583 48.4805
60.100000000000584 49.4406
60.200000000000585 49.4608
60.300000000000587 50.3626
60.400000000000588 50.442
60.50000000000059 51.2875
60.600000000000591 51.4239
60.700000000000593 52.1961
60.800000000000594 52.4064
60.900000000000595 53.0702
61.000000000000597 53.3896
61.100000000000598 53.8002
61.2000000000006 54.3734
61.300000000000601 54.502
61.400000000000603 55.3397
61.500000000000604 55.3578
61.600000000000605 56.165
61.700000000000607 56.3427
61.800000000000608 56.9255
61.90000000000061 57.3282
62.000000000000611 57.5893
62.100000000000612 58.3141
62.200000000000614 58.6391
62.300000000000615 59.3006
62.400000000000617 59.6872
62.500000000000618 60.2874
62.60000000000062 60.7337
62.700000000000621 61.2747
62.800000000000622 61.7786
62.900000000000624 62.2624
63.000000000000625 62.838
63.100000000000627 63.2505
63.200000000000628 63.958
63.30000000000063 64.2389
63.400000000000631 64.9511
63.500000000000632 65.2277
63.600000000000634 66.0505
63.700000000000635 66.2168
63.800000000000637 67.0573
63.900000000000638 67.2063
64.000000000000639 68.0639
64.100000000000634 68.196
64.200000000000628 69.0703
64.300000000000622 69.2294
64.400000000000617 70.0623
64.500000000000611 70.2476
64.600000000000605 71.1107
64.7000000000006 71.2793
64.800000000000594 72.1301
64.900000000000588 72.2963
65.000000000000583 73.1489
65.100000000000577 73.3128
65.200000000000571 74.1403
65.300000000000566 74.3154
65.40000000000056 75.1318
65.500000000000554 75.3445
65.600000000000549 76.1236
65.700000000000543 76.3728
65.800000000000537 77.1156
65.900000000000531 77.4004
66.000000000000526 78.1078
66.10000000000052 78.389
66.200000000000514 79.1002
66.300000000000509 79.3905
66.400000000000503 80.0928
66.500000000000497 80.4292
66.600000000000492 81.0856
66.700000000000486 81.4425
66.80000000000048 82.0785
66.900000000000475 82.3947
67.000000000000469 83.0716
67.100000000000463 83.312
67.200000000000458 84.0649
67.300000000000452 84.1719
67.400000000000446 85.0583
67.500000000000441 85.0583
67.600000000000435 86.0286
67.700000000000429 86.0519
67.800000000000423 86.9076
67.900000000000418 87.0456
68.000000000000412 87.7437
68.100000000000406 88.0395
68.200000000000401 88.5266
68.300000000000395 89.0335
68.400000000000389 89.2354
68.500000000000384 90.0276
68.600000000000378 90.0276
68.700000000000372 90.8569
68.800000000000367 91.0219
68.900000000000361 91.766
69.000000000000355 92.0163
69.10000000000035 92.7847
69.200000000000344 93.0108
69.300000000000338 93.7924
69.400000000000333 94.0054
69.500000000000327 94.7999
69.600000000000321 95.0738
69.700000000000315 95.7968
69.80000000000031 96.1511
69.900000000000304 96.7732
70.000000000000298 97.1445
70.100000000000293 97.6886
70.200000000000287 98.1482
70.300000000000281 98.6462
70.400000000000276 99.1417
70.50000000000027 99.6347
70.600000000000264 100.105
70.700000000000259 100.594
70.800000000000253 101.07
70.900000000000247 101.524
71.000000000000242 102.005
71.100000000000236 102.426
71.20000000000023 102.894
71.300000000000225 103.311
71.400000000000219 103.88
71.500000000000213 104.226
71.600000000000207 104.81
71.700000000000202 105.21
71.800000000000196 105.713
71.90000000000019 106.137
72.000000000000185 106.57
72.100000000000179 106.982
72.200000000000173 107.365
72.300000000000168 107.82
72.400000000000162 108.19
72.500000000000156 108.734
72.600000000000151 108.734
72.700000000000145 108.734
72.800000000000139 1
72.900000000000134 1
73.000000000000128 2
73.100000000000122 2
73.200000000000117 3
73.300000000000111 3
73.400000000000105 6
73.500000000000099 6
73.600000000000094 12
73.700000000000088 12
73.800000000000082 24
73.900000000000077 24
74.000000000000071 48
74.100000000000065 48
74.20000000000006 54.7359
74.300000000000054 54.7724
74.400000000000048 55.7138
74.500000000000043 55.7497
74.600000000000037 56.7102
74.700000000000031 56.7279
74.800000000000026 57.7067
74.90000000000002 57.7067
75.000000000000014 58.6693
75.100000000000009 58.6863
75.200000000000003 59.633
75.299999999999997 59.6666
75.399999999999991 60.5815
75.499999999999986 60.6475
75.59999999999998 61.5153
75.699999999999974 61.629
75.799999999999969 62.4351
75.899999999999963 62.6111
75.999999999999957 63.2784
76.099999999999952 63.5937
76.199999999999946 64.0638
76.29999999999994 64.5769
76.399999999999935 64.7471
76.499999999999929 65.5606
76.599999999999923 65.5606
76.699999999999918 66.4395
76.799999999999912 66.5448
76.899999999999906 67.2623
76.999999999999901 67.5294
77.099999999999895 67.9576
77.199999999999889 68.5145
77.299999999999883 68.7331
77.399999999999878 69.5
77.499999999999872 69.8016
77.599999999999866 70.4859
77.699999999999861 70.868
77.799999999999855 71.4722
77.899999999999849 71.9047
77.999999999999844 72.4589
78.099999999999838 72.9267
78.199999999999832 73.446
78.299999999999827 73.9481
78.399999999999821 74.4333
78.499999999999815 74.9155
78.59999999999981 75.421
78.699999999999804 75.8178
78.799999999999798 76.4091
78.899999999999793 76.6704
78.999999999999787 77.3974
79.099999999999781 77.6554
79.199999999999775 78.386
79.29999999999977 78.6917
79.399999999999764 79.375
79.499999999999758 79.7144
79.599999999999753 80.3642
79.699999999999747 80.7118
79.799999999999741 81.3536
79.899999999999736 81.6848
79.99999999999973 82.3433
80.099999999999724 82.6101
80.199999999999719 83.3093
80.299999999999713 83.561
80.399999999999707 84.2523
80.499999999999702 84.5485
80.599999999999696 85.1848
80.69999999999969 85.5246
80.799999999999685 86.0841
80.899999999999679 86.5013
80.999999999999673 86.974
81.099999999999667 87.4213
81.199999999999662 87.7866
81.299999999999656 88.2638
81.39999999999965 88.5466
81.499999999999645 89.1656
81.599999999999639 89.4791
81.699999999999633 90.0251
81.799999999999628 90.4351
81.899999999999622 90.8544
81.999999999999616 90.9754
82.099999999999611 90.9754
82.199999999999605 90.9754
82.299999999999599 1
82.399999999999594 1
82.499999999999588 2
82.599999999999582 3
82.699999999999577 3
82.799999999999571 6
82.899999999999565 6
82.999999999999559 12
83.099999999999554 12
83.199999999999548 24
83.299999999999542 24
83.399999999999537 45.0222
83.499999999999531 45.0666
83.599999999999525 45.7495
83.69999999999952 46.0546
83.799999999999514 46.8299
83.899999999999508 47.043
83.999999999999503 47.865
84.099999999999497 48.0319
84.199999999999491 48.9192
84.299999999999486 49.0213
84.39999999999948 49.971
84.499999999999474 50.0111
84.599999999999469 50.9816
84.699999999999463 51.0012
84.799999999999457 51.9918
84.899999999999451 51.9918
84.999999999999446 52.9638
85.09999999999944 52.9638
85.199999999999434 53.9368
85.299999999999429 53.9368
85.399999999999423 54.9108
85.499999999999417 55.0018
85.599999999999412 55.8857
85.699999999999406 56.0644
85.7999999999994 56.8615
85.899999999999395 57.1248
85.999999999999389 57.8381
86.099999999999383 58.1314
86.199999999999378 58.8155
86.299999999999372 59.1208
86.399999999999366 59.7937
86.499999999999361 60.0441
86.599999999999355 60.7561
86.699999999999349 60.9369
86.799999999999343 61.7034
86.899999999999338 61.7844
86.999999999999332 62.6365
87.099999999999326 62.7322
87.199999999999321 63.5086
87.299999999999315 63.713
87.399999999999309 64.4155
87.499999999999304 64.6944
87.599999999999298 65.2792
87.699999999999292 65.6763
87.799999999999287 66.0408
87.899999999999281 66.5687
87.999999999999275 66.7338
88.09999999999927 67.4493
88.199999999999264 67.6418
88.299999999999258 68.3039
88.399999999999253 68.3185
88.499999999999247 68.3185
88.599999999999241 1
88.699999999999235 1
88.79999999999923 2
88.899999999999224 2
88.999999999999218 3
89.099999999999213 3
89.199999999999207 6
89.299999999999201 6
89.399999999999196 12
89.49999999999919 12
89.599999999999184 24
89.699999999999179 24
89.799999999999173 34.4095
89.899999999999167 34.4095
89.999999999999162 35.3559
90.099999999999156 35.3842
90.19999999999915 36.3602
90.299999999999145 36.3602
90.399999999999139 37.3376
90.499999999999133 37.3376
90.599999999999127 38.316
90.699999999999122 38.316
90.799999999999116 39.2447
90.89999999999911 39.2956
90.999999999999105 40.1518
91.099999999999099 40.2762
91.199999999999093 40.8924
91.299999999999088 41.2576
91.399999999999082 41.5716
91.499999999999076 42.24
91.599999999999071 42.24
91.699999999999065 43.2231
91.799999999999059 43.2231
91.899999999999054 44.207
91.999999999999048 44.207
92.099999999999042 45.103
92.199999999999037 45.1916
92.299999999999031 45.676
92.399999999999025 46.1769
92.499999999999019 46.1769
92.599999999999014 47.1628
92.699999999999008 47.1628
92.799999999999002 48.1492
92.899999999998997 48.1492
92.999999999998991 49.1362
93.099999999998985 49.1362
93.19999999999898 50.1237
93.299999999998974 50.2234
93.399999999998968 51.1117
93.499999999998963 51.346
93.599999999998957 52.1002
93.699999999998951 52.4446
93.799999999998946 53.089
93.89999999999894 53.5393
93.999999999998934 54.0783
94.099999999998929 54.6303
94.199999999998923 55.068
94.299999999998917 55.5382
94.399999999998911 56.058
94.499999999998906 56.6614
94.5999999999989 57.0484
94.699999999998894 57.7973
94.799999999998889 58.0391
94.899999999998883 58.8774
94.999999999998877 59.0301
95.099999999998872 59.8879
95.199999999998866 60.0214
95.29999999999886 60.8981
95.399999999998855 61.013
95.499999999998849 61.8757
95.599999999998843 62.0048
95.699999999998838 62.8698
95.799999999998832 62.997
95.899999999998826 63.8485
95.99999999999882 63.9737
96.099999999998815 64.8124
96.199999999998809 64.9511
96.299999999998803 65.7621
96.399999999998798 65.9292
96.499999999998792 66.6834
96.599999999998786 66.908
96.699999999998781 67.5773
96.799999999998775 67.8873
96.899999999998769 68.4595
96.999999999998764 68.8673
97.099999999998758 69.316
97.199999999998752 69.8478
97.299999999998747 70.1194
97.399999999998741 70.8289
97.499999999998735 70.8571
97.59999999999873 71.685
97.699999999998724 71.8105
97.799999999998718 72.4759
97.899999999998712 72.7926
97.999999999998707 73.2446
98.099999999998701 73.7752
98.199999999998695 73.9917
98.29999999999869 74.7047
98.399999999998684 74.9319
98.499999999998678 75.7285
98.599999999998673 76.0053
98.699999999998667 76.7256
98.799999999998661 77.0767
98.899999999998656 77.7099
98.99999999999865 78.1334
99.099999999998644 78.6946
99.199999999998639 79.1255
99.299999999998633 79.1255
99.399999999998627 79.1255
99.499999999998622 1
99.599999999998616 1
99.69999999999861 1
99.799999999998604 1
99.899999999998599 1
99.999999999998593 1
