0 1
0.10000000000000001 1
0.20000000000000001 1
0.30000000000000004 1
0.40000000000000002 1
0.5 1
0.59999999999999998 1
0.69999999999999996 1
0.79999999999999993 1
0.89999999999999991 1
0.99999999999999989 1
1.0999999999999999 1
1.2 2
1.3 2
1.4000000000000001 4
1.5000000000000002 4
1.6000000000000003 8
1.7000000000000004 8
1.8000000000000005 16
1.9000000000000006 16
2.0000000000000004 32
2.1000000000000005 32
2.2000000000000006 64
2.3000000000000007 64
2.4000000000000008 98
2.5000000000000009 99
2.600000000000001 99
2.7000000000000011 99
2.8000000000000012 1
2.9000000000000012 1
3.0000000000000013 2
3.1000000000000014 2
3.2000000000000015 3
3.3000000000000016 5
3.4000000000000017 5
3.5000000000000018 8
3.6000000000000019 8
3.700000000000002 12
3.800000000000002 12
3.9000000000000021 16
4.0000000000000018 16
4.1000000000000014 24
4.2000000000000011 24
4.3000000000000007 36
4.4000000000000004 36
4.5 49.2849
4.5999999999999996 49.2849
4.6999999999999993 50.2695
4.7999999999999989 50.2695
4.8999999999999986 51.2547
4.9999999999999982 51.2547
5.0999999999999979 52.2404
5.1999999999999975 52.2404
5.2999999999999972 53.2267
5.3999999999999968 53.2267
5.4999999999999964 54.1027
5.5999999999999961 54.2135
5.6999999999999957 54.8007
5.7999999999999954 55.2007
5.899999999999995 55.4899
5.9999999999999947 56.1884
6.0999999999999943 56.2951
6.199999999999994 57.1765
6.2999999999999936 57.1765
6.3999999999999932 58.165
6.4999999999999929 58.165
6.5999999999999925 59.0524
6.6999999999999922 59.1539
6.7999999999999918 59.5751
6.8999999999999915 60.01
6.9999999999999911 60.01
7.0999999999999908 60.01
7.1999999999999904 1
7.2999999999999901 1
7.3999999999999897 2
7.4999999999999893 4
7.599999999999989 4
7.6999999999999886 8
7.7999999999999883 8
7.8999999999999879 16
7.9999999999999876 16
8.0999999999999872 30.0666
8.1999999999999869 30.0666
8.2999999999999865 31.0489
8.3999999999999861 31.0489
8.4999999999999858 32.0323
8.5999999999999854 32.0323
8.6999999999999851 32.9863
8.7999999999999847 33.0166
8.8999999999999844 34.0018
8.999999999999984 34.0018
9.0999999999999837 34.9879
9.1999999999999833 35.2159
9.2999999999999829 35.9469
9.3999999999999826 36.3069
9.4999999999999822 36.9081
9.5999999999999819 37.3124
9.6999999999999815 37.8713
9.7999999999999812 38.3177
9.8999999999999808 38.8363
9.9999999999999805 39.2972
10.09999999999998 39.8031
10.19999999999998 40.3025
10.299999999999979 40.7714
10.399999999999979 41.2592
10.499999999999979 41.7412
10.599999999999978 42.2415
10.699999999999978 42.7125
10.799999999999978 43.1551
10.899999999999977 43.685
10.999999999999977 44.0725
11.099999999999977 44.6587
11.199999999999976 44.9489
11.299999999999976 45.6335
11.399999999999975 45.8086
11.499999999999975 46.6094
11.599999999999975 46.6523
11.699999999999974 47.3335
11.799999999999974 47.5864
11.899999999999974 48.1713
11.999999999999973 48.5642
12.099999999999973 49.0356
12.199999999999973 49.5429
12.299999999999972 49.7645
12.399999999999972 49.9851
12.499999999999972 49.9851
12.599999999999971 49.9851
12.699999999999971 1
12.799999999999971 2
12.89999999999997 2
12.99999999999997 4
13.099999999999969 4
13.199999999999969 8
13.299999999999969 8
13.399999999999968 16
13.499999999999968 16
13.599999999999968 24.3313
13.699999999999967 24.3313
13.799999999999967 25.2993
13.899999999999967 25.2993
13.999999999999966 26.2696
14.099999999999966 26.2696
14.199999999999966 27.242
14.299999999999965 27.242
14.399999999999965 28.2163
14.499999999999964 28.3225
14.599999999999964 29.1924
14.699999999999964 29.3633
14.799999999999963 30.17
14.899999999999963 30.4342
14.999999999999963 31.149
15.099999999999962 31.5321
15.199999999999962 32.1293
15.299999999999962 32.593
15.399999999999961 33.1108
15.499999999999961 33.6502
15.599999999999961 34.0933
15.69999999999996 34.8191
15.79999999999996 35.0768
15.899999999999959 35.9222
15.999999999999959 36.0612
16.099999999999959 37.0194
16.19999999999996 37.0464
16.299999999999962 38.0324
16.399999999999963 38.0324
16.499999999999964 39.0191
16.599999999999966 39.0191
16.699999999999967 40.0064
16.799999999999969 40.0064
16.89999999999997 40.9943
16.999999999999972 40.9943
17.099999999999973 41.8157
17.199999999999974 41.959
17.299999999999976 42.5508
17.399999999999977 42.9253
17.499999999999979 43.2965
17.59999999999998 43.8931
17.699999999999982 44.1657
17.799999999999983 44.8623
17.899999999999984 45.0625
17.999999999999986 45.8328
18.099999999999987 45.9636
18.199999999999989 46.8046
18.29999999999999 46.8046
18.399999999999991 47.5677
18.499999999999993 47.7775
18.599999999999994 48.1321
18.699999999999996 48.7515
18.799999999999997 49.0379
18.899999999999999 49.7265
19 50.1072
19.100000000000001 50.7025
19.200000000000003 51.1933
19.300000000000004 51.6795
19.400000000000006 52.3142
19.500000000000007 52.6573
19.600000000000009 53.3554
19.70000000000001 53.6359
19.800000000000011 54.395
19.900000000000013 54.6152
20.000000000000014 55.3429
20.100000000000016 55.5953
20.200000000000017 56.1502
20.300000000000018 56.5761
20.40000000000002 57.069
20.500000000000021 57.5576
20.600000000000023 57.8522
20.700000000000024 58.5397
20.800000000000026 58.625
20.900000000000027 59.5223
21.000000000000028 59.5895
21.10000000000003 60.5056
21.200000000000031 60.5551
21.300000000000033 61.3754
21.400000000000034 61.5056
21.500000000000036 62.2331
21.600000000000037 62.4737
21.700000000000038 63.0791
21.80000000000004 63.4584
21.900000000000041 63.8199
22.000000000000043 64.4437
22.100000000000044 64.5987
22.200000000000045 65.2763
22.300000000000047 65.2763
22.400000000000048 65.2763
22.50000000000005 1
22.600000000000051 1
22.700000000000053 2
22.800000000000054 2
22.900000000000055 4
23.000000000000057 4
23.100000000000058 8
23.20000000000006 16
23.300000000000061 16
23.400000000000063 30
23.500000000000064 32
23.600000000000065 32.7723
23.700000000000067 32.9853
23.800000000000068 33.942
23.90000000000007 33.942
24.000000000000071 34.9011
24.100000000000072 34.9011
24.200000000000074 35.8624
24.300000000000075 35.8624
24.400000000000077 36.8258
24.500000000000078 36.8258
24.60000000000008 37.7911
24.700000000000081 37.7911
24.800000000000082 38.7581
24.900000000000084 38.7581
25.000000000000085 39.7268
25.100000000000087 39.7771
25.200000000000088 40.6969
25.30000000000009 40.7461
25.400000000000091 41.6685
25.500000000000092 41.6925
25.600000000000094 42.6414
25.700000000000095 42.6414
25.800000000000097 43.6155
25.900000000000098 43.6155
26.000000000000099 44.5907
26.100000000000101 44.5907
26.200000000000102 45.4131
26.300000000000104 45.567
26.400000000000105 46.1776
26.500000000000107 46.5443
26.600000000000108 46.9082
26.700000000000109 47.5226
26.800000000000111 47.6487
26.900000000000112 48.5017
27.000000000000114 48.5017
27.100000000000115 48.9941
27.200000000000117 48.9941
27.300000000000118 48.9941
27.400000000000119 1
27.500000000000121 1
27.600000000000122 2
27.700000000000124 2
27.800000000000125 4
27.900000000000126 4
28.000000000000128 8
28.100000000000129 8
28.200000000000131 16
28.300000000000132 16
28.400000000000134 24.3313
28.500000000000135 24.3313
28.600000000000136 25.2993
28.700000000000138 25.2993
28.800000000000139 26.2696
28.900000000000141 26.2696
29.000000000000142 27.242
29.100000000000144 27.242
29.200000000000145 28.2163
29.300000000000146 28.2163
29.400000000000148 29.0894
29.500000000000149 29.1924
29.600000000000151 29.3292
29.700000000000152 30.17
29.800000000000153 30.17
29.900000000000155 31.149
30.000000000000156 31.149
30.100000000000158 32.1293
30.200000000000159 32.1293
30.300000000000161 33.1108
30.400000000000162 33.1108
30.500000000000163 34.0933
30.600000000000165 34.0933
30.700000000000166 35.0768
30.800000000000168 35.4174
30.900000000000169 36.0612
31.000000000000171 36.7209
31.100000000000172 37.0464
31.200000000000173 37.8742
31.300000000000175 38.0324
31.400000000000176 39.0191
31.500000000000178 39.0191
31.600000000000179 40.0064
31.70000000000018 40.0064
31.800000000000182 40.9943
31.900000000000183 40.9943
32.000000000000185 41.959
32.100000000000186 41.959
32.200000000000188 42.9253
32.300000000000189 42.9253
32.40000000000019 43.8931
32.500000000000192 43.9387
32.600000000000193 44.8623
32.700000000000195 44.9959
32.800000000000196 45.8328
32.900000000000198 46.0288
33.000000000000199 46.8046
33.1000000000002 47.0816
33.200000000000202 47.7775
33.300000000000203 48.0905
33.400000000000205 48.7515
33.500000000000206 49.0787
33.600000000000207 49.7265
33.700000000000209 50.0473
33.80000000000021 50.7025
33.900000000000212 50.9583
34.000000000000213 51.6795
34.100000000000215 51.8534
34.200000000000216 52.6573
34.300000000000217 52.7521
34.400000000000219 53.6359
34.50000000000022 53.6545
34.600000000000222 54.4685
34.700000000000223 54.6152
34.800000000000225 55.2344
34.900000000000226 55.5953
35.000000000000227 56.0254
35.100000000000229 56.5761
35.20000000000023 56.7879
35.300000000000232 57.5576
35.400000000000233 57.5923
35.500000000000234 57.9904
35.600000000000236 57.9904
35.700000000000237 57.9904
35.800000000000239 1
35.90000000000024 1
36.000000000000242 2
36.100000000000243 2
36.200000000000244 3
36.300000000000246 3
36.400000000000247 6
36.500000000000249 6
36.60000000000025 12
36.700000000000252 16
36.800000000000253 24
36.900000000000254 28.2491
37.000000000000256 28.7058
37.100000000000257 28.9833
37.200000000000259 29.6658
37.30000000000026 29.7331
37.400000000000261 30.6283
37.500000000000263 30.6283
37.600000000000264 31.593
37.700000000000266 31.593
37.800000000000267 32.56
37.900000000000269 32.56
38.00000000000027 33.5288
38.100000000000271 33.5288
38.200000000000273 34.2082
38.300000000000274 34.4994
38.400000000000276 34.6441
38.500000000000277 35.4716
38.600000000000279 35.4716
38.70000000000028 36.4454
38.800000000000281 36.4454
38.900000000000283 37.4205
39.000000000000284 37.5006
39.100000000000286 38.3968
39.200000000000287 38.6306
39.300000000000288 39.3744
39.40000000000029 39.6781
39.500000000000291 40.353
39.600000000000293 40.7231
39.700000000000294 41.3327
39.800000000000296 41.6941
39.900000000000297 42.3133
40.000000000000298 42.596
40.1000000000003 43.2948
40.200000000000301 43.3871
40.300000000000303 44.2771
40.400000000000304 44.4349
40.500000000000306 45.2601
40.600000000000307 45.5026
40.700000000000308 46.2439
40.80000000000031 46.5243
40.900000000000311 47.2284
41.000000000000313 47.4608
41.100000000000314 48.2135
41.200000000000315 48.4205
41.300000000000317 49.1992
41.400000000000318 49.3616
41.50000000000032 50.1855
41.600000000000321 50.285
41.700000000000323 51.1723
41.800000000000324 51.2504
41.900000000000325 52.1596
42.000000000000327 52.2171
42.100000000000328 53.1097
42.20000000000033 53.2038
42.300000000000331 53.709
42.400000000000333 54.191
42.500000000000334 54.3936
42.600000000000335 55.1605
42.700000000000337 55.233
42.800000000000338 55.881
42.90000000000034 55.881
43.000000000000341 55.881
43.100000000000342 1
43.200000000000344 1
43.300000000000345 2
43.400000000000347 2
43.500000000000348 3
43.60000000000035 3
43.700000000000351 5
43.800000000000352 5
43.900000000000354 10
44.000000000000355 14
44.100000000000357 20
44.200000000000358 27.4047
44.30000000000036 27.4776
44.400000000000361 28.4438
44.500000000000362 28.4438
44.600000000000364 29.4123
44.700000000000365 29.4123
44.800000000000367 30.3829
44.900000000000368 30.3829
45.000000000000369 31.3552
45.100000000000371 31.3552
45.200000000000372 32.3292
45.300000000000374 32.3292
45.400000000000375 33.3048
45.500000000000377 33.3048
45.600000000000378 34.2818
45.700000000000379 34.2818
45.800000000000381 35.26
45.900000000000382 35.26
46.000000000000384 36.2394
46.100000000000385 36.2394
46.200000000000387 37.2199
46.300000000000388 37.2199
46.400000000000389 38.2014
46.500000000000391 38.2014
46.600000000000392 39.1838
46.700000000000394 39.1838
46.800000000000395 40.1671
46.900000000000396 40.1671
47.000000000000398 41.1512
47.100000000000399 41.1512
47.200000000000401 42.136
47.300000000000402 42.136
47.400000000000404 43.1216
47.500000000000405 43.1216
47.600000000000406 43.7662
47.700000000000408 44.1077
47.800000000000409 44.4691
47.900000000000411 45.0945
48.000000000000412 45.2053
48.100000000000414 46.0818
48.200000000000415 46.0818
48.300000000000416 47.0697
48.400000000000418 47.0697
48.500000000000419 47.7658
48.600000000000421 48.0581
48.700000000000422 48.9652
48.800000000000423 49.0469
48.900000000000425 50.0362
49.000000000000426 50.0362
49.100000000000428 51.0258
49.200000000000429 51.1042
49.300000000000431 52.0159
49.400000000000432 52.1503
49.500000000000433 53.0064
49.600000000000435 53.2511
49.700000000000436 53.9972
49.800000000000438 54.348
49.900000000000439 54.9701
50.000000000000441 55.405
50.100000000000442 55.944
50.200000000000443 56.4069
50.300000000000445 56.9188
50.400000000000446 57.4087
50.500000000000448 57.8944
50.600000000000449 58.3932
50.70000000000045 58.8709
50.800000000000452 59.3952
50.900000000000453 60.015
51.000000000000455 60.3971
51.100000000000456 61.0722
51.200000000000458 61.4314
51.300000000000459 62.1597
51.40000000000046 62.4807
51.500000000000462 63.1969
51.600000000000463 63.5599
51.700000000000465 64.2018
51.800000000000466 64.6674
51.900000000000468 65.2065
52.000000000000469 65.7259
52.10000000000047 66.211
52.200000000000472 66.7076
52.300000000000473 67.2154
52.400000000000475 67.6899
52.500000000000476 68.205
52.600000000000477 68.7018
52.700000000000479 69.2094
52.80000000000048 69.7133
52.900000000000482 70.2564
53.000000000000483 70.7246
53.100000000000485 71.2458
53.200000000000486 71.7355
53.300000000000487 72.2495
53.400000000000489 72.7461
53.50000000000049 73.2393
53.600000000000492 73.7428
53.700000000000493 74.2295
53.800000000000495 74.7129
53.900000000000496 75.2065
54.000000000000497 75.6838
54.100000000000499 76.1317
54.2000000000005 76.6423
54.300000000000502 77.0847
54.400000000000503 77.5632
54.500000000000504 78.0517
54.600000000000506 78.4734
54.700000000000507 78.9435
54.800000000000509 79.373
54.90000000000051 79.8253
55.000000000000512 80.2626
55.100000000000513 80.7223
55.200000000000514 81.1671
55.300000000000516 81.585
55.400000000000517 82.0494
55.500000000000519 82.4507
55.60000000000052 82.8983
55.700000000000522 82.9827
55.800000000000523 82.9827
55.900000000000524 1
56.000000000000526 1
56.100000000000527 2
56.200000000000529 2
56.30000000000053 4
56.400000000000531 4
56.500000000000533 8
56.600000000000534 8
56.700000000000536 16
56.800000000000537 16
56.900000000000539 32
57.00000000000054 32
57.100000000000541 41.5574
57.200000000000543 41.5574
57.300000000000544 42.5328
57.400000000000546 42.5328
57.500000000000547 43.5093
57.600000000000549 43.5323
57.70000000000055 44.4869
57.800000000000551 44.644
57.900000000000553 45.4654
58.000000000000554 45.8161
58.100000000000556 46.4449
58.200000000000557 46.9589
58.300000000000558 47.4252
58.40000000000056 48.1369
58.500000000000561 48.4063
58.600000000000563 49.307
58.700000000000564 49.3881
58.800000000000566 50.3707
58.900000000000567 50.3707
59.000000000000568 51.3539
59.10000000000057 51.3539
59.200000000000571 52.3378
59.300000000000573 52.3378
59.400000000000574 53.3223
59.500000000000576 53.3223
59.600000000000577 54.3073
59.700000000000578 54.3257
59.80000000000058 55.2928
59.900000000000581 55.329
60.000000000000583 56.2789
60.100000000000584 56.2967
60.200000000000585 57.2655
60.300000000000587 57.2655
60.400000000000588 58.2525
60.50000000000059 58.2525
60.600000000000591 59.2399
60.700000000000593 59.2399
60.800000000000594 60.0115
60.900000000000595 60.2278
61.000000000000597 60.7568
61.100000000000598 61.216
61.2000000000006 61.4769
61.300000000000601 62.2046
61.400000000000603 62.3331
61.500000000000604 63.1936
61.600000000000605 63.2253
61.700000000000607 64.1206
61.800000000000608 64.1829
61.90000000000061 64.7106
62.000000000000611 65.0651
62.100000000000612 65.0651
62.200000000000614 65.0651
62.300000000000615 1
62.400000000000617 2
62.500000000000618 2
62.60000000000062 4
62.700000000000621 4
62.800000000000622 8
62.900000000000624 8
63.000000000000625 16
63.100000000000627 16
63.200000000000628 32
63.30000000000063 32
63.400000000000631 32.9853
63.500000000000632 32.9853
63.600000000000634 33.942
63.700000000000635 33.942
63.800000000000637 34.9011
63.900000000000638 34.9011
64.000000000000639 35.8624
64.100000000000634 36.0294
64.200000000000628 36.8258
64.300000000000622 37.2311
64.400000000000617 37.7911
64.500000000000611 38.4732
64.600000000000605 38.7581
64.7000000000006 39.7016
64.800000000000594 39.7268
64.900000000000588 40.6969
65.000000000000583 40.6969
65.100000000000577 41.6685
65.200000000000571 41.6685
65.300000000000566 42.6414
65.40000000000056 42.6414
65.500000000000554 43.6155
65.600000000000549 43.6155
65.700000000000543 44.5907
65.800000000000537 44.5907
65.900000000000531 45.567
66.000000000000526 45.589
66.10000000000052 46.5443
66.200000000000514 46.6088
66.300000000000509 47.5226
66.400000000000503 47.6487
66.500000000000497 48.5017
66.600000000000492 48.687
66.700000000000486 49.4817
66.80000000000048 49.6834
66.900000000000475 50.4624
67.000000000000469 50.6405
67.100000000000463 51.4439
67.200000000000458 51.5604
67.300000000000452 52.4261
67.400000000000446 52.4833
67.500000000000441 53.4089
67.600000000000435 53.4089
67.700000000000429 54.3924
67.800000000000423 54.3924
67.900000000000418 55.268
68.000000000000412 55.3764
68.100000000000406 55.9871
68.200000000000401 56.361
68.300000000000395 56.6972
68.400000000000389 57.3462
68.500000000000384 57.4681
68.600000000000378 58.3318
68.700000000000372 58.3318
68.800000000000367 58.9967
68.900000000000361 58.9967
69.000000000000355 58.9967
69.10000000000035 1
69.200000000000344 1
69.300000000000338 2
69.400000000000333 2
69.500000000000327 3
69.600000000000321 3
69.700000000000315 6
69.80000000000031 6
69.900000000000304 12
70.000000000000298 12
70.100000000000293 24
70.200000000000287 24
70.300000000000281 29.6483
70.400000000000276 29.6483
70.50000000000027 30.6113
70.600000000000264 30.6113
70.700000000000259 31.5767
70.800000000000253 31.5767
70.900000000000247 32.5441
71.000000000000242 32.5441
71.100000000000236 33.5134
71.20000000000023 33.5134
71.300000000000225 34.4844
71.400000000000219 34.4844
71.500000000000213 35.457
71.600000000000207 35.457
71.700000000000202 35.9613
71.800000000000196 36.4311
71.90000000000019 36.5955
72.000000000000185 37.4066
72.100000000000179 37.4066
72.200000000000173 38.3833
72.300000000000168 38.3833
72.400000000000162 39.3612
72.500000000000156 39.3612
72.600000000000151 39.8412
72.700000000000145 40.3402
72.800000000000139 41.053
72.900000000000134 41.3201
73.000000000000128 42.2774
73.100000000000122 42.301
73.200000000000117 43.2828
73.300000000000111 43.2828
73.400000000000105 44.2654
73.500000000000099 44.2654
73.600000000000094 45.2487
73.700000000000088 45.315
73.800000000000082 46.2327
73.900000000000077 46.4055
74.000000000000071 47.2175
74.100000000000065 47.5131
74.20000000000006 47.9948
74.300000000000054 48.5543
74.400000000000048 49.0258
74.500000000000043 49.5332
74.600000000000037 50.0954
74.700000000000031 50.5129
74.800000000000026 51.1426
74.90000000000002 51.5517
75.000000000000014 52.1497
75.100000000000009 52.5509
75.200000000000003 53.1376
75.299999999999997 53.494
75.399999999999991 54.1075
75.499999999999986 54.4209
75.59999999999998 55.0603
75.699999999999974 55.3863
75.799999999999969 55.9076
75.899999999999963 56.3353
75.999999999999957 56.8126
76.099999999999952 57.2685
76.199999999999946 57.7035
76.29999999999994 58.1524
76.399999999999935 58.6319
76.499999999999929 59.0738
76.599999999999923 59.5627
76.699999999999918 60.0644
76.799999999999912 60.3136
76.899999999999906 60.8584
76.999999999999901 61.2352
77.099999999999895 61.6908
77.199999999999889 62.1109
77.299999999999883 62.64
77.399999999999878 63.0379
77.499999999999872 63.6536
77.599999999999866 64.0765
77.699999999999861 64.6669
77.799999999999855 65.1138
77.899999999999849 65.7101
77.999999999999844 66.2407
78.099999999999838 66.7221
78.199999999999832 67.3784
78.299999999999827 67.7484
78.399999999999821 68.4387
78.499999999999815 68.7595
78.59999999999981 69.4685
78.699999999999804 69.7128
78.799999999999798 70.4691
78.899999999999793 70.625
78.999999999999787 71.4416
79.099999999999781 71.6792
79.199999999999775 72.4425
79.29999999999977 72.7181
79.399999999999764 73.4298
79.499999999999758 73.7423
79.599999999999753 74.4308
79.699999999999747 74.766
79.799999999999741 75.4318
79.899999999999736 75.7625
79.99999999999973 76.3804
80.099999999999724 76.7331
80.199999999999719 77.3433
80.299999999999713 77.7045
80.399999999999707 78.2687
80.499999999999702 78.613
80.599999999999696 79.1834
80.69999999999969 79.5362
80.799999999999685 80.1125
80.899999999999679 80.4613
80.999999999999673 80.9693
81.099999999999667 81.425
81.199999999999662 81.866
81.299999999999656 82.4139
81.39999999999965 82.7771
81.499999999999645 83.259
81.599999999999639 83.5946
81.699999999999633 84.1312
81.799999999999628 84.4397
81.899999999999622 84.7117
81.999999999999616 84.7117
82.099999999999611 84.7117
82.199999999999605 1
82.299999999999599 1
82.399999999999594 2
82.499999999999588 2
82.599999999999582 4
82.699999999999577 5
82.799999999999571 8
82.899999999999565 16
82.999999999999559 16
83.099999999999554 32
83.199999999999548 32
83.299999999999542 42.5207
83.399999999999537 42.5207
83.499999999999531 43.4975
83.599999999999525 43.4975
83.69999999999952 44.4754
83.799999999999514 44.4754
83.899999999999508 45.4541
83.999999999999503 45.4541
84.099999999999497 46.4338
84.199999999999491 46.4338
84.299999999999486 47.4144
84.39999999999948 47.4565
84.499999999999474 48.3957
84.599999999999469 48.6019
84.699999999999463 49.3777
84.799999999999457 49.7209
84.899999999999451 50.3605
84.999999999999446 50.8743
85.09999999999944 51.3439
85.199999999999434 52.0405
85.299999999999429 52.328
85.399999999999423 53.1435
85.499999999999417 53.3126
85.599999999999412 54.2241
85.699999999999406 54.2979
85.7999999999994 55.2655
85.899999999999395 55.2836
85.999999999999389 56.2698
86.099999999999383 56.2698
86.199999999999378 57.2565
86.299999999999372 57.2565
86.399999999999366 58.2265
86.499999999999361 58.2437
86.599999999999355 59.1806
86.699999999999349 59.2313
86.799999999999343 60.1029
86.899999999999338 60.2193
86.999999999999332 60.9457
87.099999999999326 61.2077
87.199999999999321 61.7769
87.299999999999315 62.1964
87.399999999999309 62.5492
87.499999999999304 63.1855
87.599999999999298 63.3909
87.699999999999292 64.1749
87.799999999999287 64.2684
87.899999999999281 65.1033
87.999999999999275 65.1647
88.09999999999927 65.8517
88.199999999999264 66.064
88.299999999999258 66.064
88.399999999999253 66.064
88.499999999999247 1
88.599999999999241 2
88.699999999999235 2
88.79999999999923 3
88.899999999999224 3
88.999999999999218 6
89.099999999999213 6
89.199999999999207 12
89.299999999999201 12
89.399999999999196 24
89.49999999999919 24
89.599999999999184 33.4517
89.699999999999179 33.4517
89.799999999999173 34.4244
89.899999999999167 34.4244
89.999999999999162 35.3987
90.099999999999156 35.3987
90.19999999999915 36.3744
90.299999999999145 36.3744
90.399999999999139 37.3514
90.499999999999133 37.3781
90.599999999999127 38.3295
90.699999999999122 38.3556
90.799999999999116 39.3087
90.89999999999911 39.3087
90.999999999999105 40.289
91.099999999999099 40.289
91.199999999999093 41.2701
91.299999999999088 41.2701
91.399999999999082 42.2522
91.499999999999076 42.2522
91.599999999999071 43.2351
91.699999999999065 43.2351
91.799999999999059 44.0146
91.899999999999054 44.2187
91.999999999999048 44.5792
92.099999999999042 45.203
92.199999999999037 45.2694
92.299999999999031 46.1881
92.399999999999025 46.1881
92.499999999999019 47.1737
92.599999999999014 47.1737
92.699999999999008 48.1599
92.799999999999002 48.1599
92.899999999998997 49.1467
92.999999999998991 49.1467
93.099999999998985 50.134
93.19999999999898 50.1739
93.299999999998974 51.1218
93.399999999998968 51.239
93.499999999998963 52.11
93.599999999998957 52.3399
93.699999999998951 53.0987
93.799999999998946 53.4928
93.89999999999894 54.0878
93.999999999998934 54.4931
94.099999999998929 55.0773
94.199999999998923 55.7272
94.299999999998917 56.0672
94.399999999998911 56.7586
94.499999999998906 57.0574
94.5999999999989 57.7543
94.699999999998894 58.048
94.799999999998889 58.7501
94.899999999998883 59.0558
94.999999999998877 59.7461
95.099999999998872 60.0633
95.199999999998866 60.7422
95.29999999999886 61.087
95.399999999998855 61.7708
95.499999999998849 62.0776
95.599999999998843 62.7825
95.699999999998838 63.0845
95.799999999998832 63.8096
95.899999999998826 64.0911
95.99999999999882 64.8203
96.099999999998815 65.0821
96.199999999998809 65.8156
96.299999999998803 66.0734
96.399999999998798 66.796
96.499999999998792 67.05
96.599999999998786 67.7622
96.699999999998781 68.0421
96.799999999998775 68.7003
96.899999999998769 69.0198
96.999999999998764 69.6114
97.099999999998758 69.9554
97.199999999998752 70.5674
97.299999999998747 70.8785
97.399999999998741 71.5246
97.499999999998735 71.8316
97.59999999999873 72.3587
97.699999999998724 72.8134
97.799999999998718 73.1286
97.899999999998712 73.6872
97.999999999998707 73.9581
98.099999999998701 74.5373
98.199999999998695 74.8319
98.29999999999869 75.4707
98.399999999998684 75.6824
98.499999999998678 75.6824
98.599999999998673 75.6824
98.699999999998667 1
98.799999999998661 1
98.899999999998656 2
98.99999999999865 2
99.099999999998644 4
99.199999999998639 4
99.299999999998633 4
99.399999999998627 1
99.499999999998622 1
99.599999999998616 1
99.69999999999861 1
99.799999999998604 1
99.899999999998599 1
99.999999999998593 1
