0 1
0.10000000000000001 1
0.20000000000000001 1
0.30000000000000004 1
0.40000000000000002 1
0.5 1
0.59999999999999998 1
0.69999999999999996 1
0.79999999999999993 1
0.89999999999999991 1
0.99999999999999989 1
1.0999999999999999 1
1.2 2
1.3 2
1.4000000000000001 4
1.5000000000000002 4
1.6000000000000003 8
1.7000000000000004 8
1.8000000000000005 16
1.9000000000000006 16
2.0000000000000004 32
2.1000000000000005 32
2.2000000000000006 64
2.3000000000000007 64
2.4000000000000008 82
2.5000000000000009 85
2.600000000000001 85
2.7000000000000011 85
2.8000000000000012 1
2.9000000000000012 1
3.0000000000000013 2
3.1000000000000014 3
3.2000000000000015 3
3.3000000000000016 5
3.4000000000000017 5
3.5000000000000018 8
3.6000000000000019 8
3.700000000000002 13
3.800000000000002 13
3.9000000000000021 20
4.0000000000000018 20
4.1000000000000014 29
4.2000000000000011 29
4.3000000000000007 42.0714
4.4000000000000004 42.0714
4.5 43.0584
4.5999999999999996 43.0584
4.6999999999999993 44.046
4.7999999999999989 44.046
4.8999999999999986 45.0341
4.9999999999999982 45.0341
5.0999999999999979 46.0227
5.1999999999999975 46.0227
5.2999999999999972 47.0118
5.3999999999999968 47.0118
5.4999999999999964 48.0014
5.5999999999999961 48.0014
5.6999999999999957 48.9914
5.7999999999999954 48.9914
5.899999999999995 49.8816
5.9999999999999947 49.9617
6.0999999999999943 50.618
6.199999999999994 50.9332
6.2999999999999936 51.2074
6.3999999999999932 51.9058
6.4999999999999929 51.9636
6.5999999999999925 52.8794
6.6999999999999922 52.8794
6.7999999999999918 53.8168
6.8999999999999915 53.854
6.9999999999999911 54.4634
7.0999999999999908 54.8294
7.1999999999999904 55.5903
7.2999999999999901 55.8058
7.3999999999999897 56.6595
7.4999999999999893 56.7829
7.599999999999989 57.7089
7.6999999999999886 57.7609
7.7999999999999883 58.7396
7.8999999999999879 58.7396
7.9999999999999876 59.7189
8.0999999999999872 59.7524
8.1999999999999869 60.699
8.2999999999999865 60.7484
8.3999999999999861 61.6797
8.4999999999999858 61.7283
8.5999999999999854 62.661
8.6999999999999851 62.661
8.7999999999999847 63.6272
8.8999999999999844 63.6743
8.999999999999984 64.6253
9.0999999999999837 64.7181
9.1999999999999833 65.6083
9.2999999999999829 65.7605
9.3999999999999826 66.5917
9.4999999999999822 66.8166
9.5999999999999819 67.5757
9.6999999999999815 67.9005
9.7999999999999812 68.5601
9.8999999999999808 68.9964
9.9999999999999805 69.545
10.09999999999998 70.0465
10.19999999999998 70.5303
10.299999999999979 71.0671
10.399999999999979 71.516
10.499999999999979 72.0593
10.599999999999978 72.502
10.699999999999978 73.0106
10.799999999999978 73.4885
10.899999999999977 73.9227
10.999999999999977 74.4753
11.099999999999977 74.8103
11.199999999999976 75.4492
11.299999999999976 75.6742
11.399999999999975 76.4107
11.499999999999975 76.5415
11.599999999999975 77.3085
11.699999999999974 77.4378
11.799999999999974 78.1705
11.899999999999974 78.4259
11.999999999999973 79.0609
12.099999999999973 79.4017
12.199999999999973 79.7912
12.299999999999972 80.3657
12.399999999999972 80.5894
12.499999999999972 81.2444
12.599999999999971 81.6251
12.699999999999971 82.2841
12.799999999999971 82.6479
12.89999999999997 83.2988
12.99999999999997 83.7179
13.099999999999969 84.3249
13.199999999999969 84.798
13.299999999999969 85.3271
13.399999999999968 85.8529
13.499999999999968 86.3291
13.599999999999968 86.8949
13.699999999999967 87.3197
13.799999999999967 87.8108
13.899999999999967 88.3218
13.999999999999966 88.7623
14.099999999999966 89.3127
14.199999999999966 89.8597
14.299999999999965 90.3923
14.399999999999965 90.8668
14.499999999999964 91.4592
14.599999999999964 91.8737
14.699999999999964 92.4705
14.799999999999963 92.8805
14.899999999999963 93.4602
14.999999999999963 93.8978
15.099999999999962 94.4606
15.199999999999962 94.9253
15.299999999999962 95.4611
15.399999999999961 95.9626
15.499999999999961 96.4512
15.599999999999961 97.0095
15.69999999999996 97.4415
15.79999999999996 98.0553
15.899999999999959 98.432
15.999999999999959 99.0902
16.099999999999959 99.4226
16.19999999999996 100.104
16.299999999999962 100.414
16.399999999999963 101.128
16.499999999999964 101.434
16.599999999999966 102.122
16.699999999999967 102.415
16.799999999999969 103.106
16.89999999999997 103.387
16.999999999999972 104.062
17.099999999999973 104.379
17.199999999999974 105
17.299999999999976 105.361
17.399999999999977 105.91
17.499999999999979 106.325
17.59999999999998 106.831
17.699999999999982 107.28
17.799999999999983 107.782
17.899999999999984 108.208
17.999999999999986 108.724
18.099999999999987 109.146
18.199999999999989 109.476
18.29999999999999 110.013
18.399999999999991 110.313
18.499999999999993 110.847
18.599999999999994 111.234
18.699999999999996 111.745
18.799999999999997 112.165
18.899999999999999 112.743
19 113.194
19.100000000000001 113.759
19.200000000000003 114.223
19.300000000000004 114.774
19.400000000000006 115.235
19.500000000000007 115.797
19.600000000000009 116.237
19.70000000000001 116.82
19.800000000000011 117.231
19.900000000000013 117.826
20.000000000000014 118.216
20.100000000000016 118.807
20.200000000000017 119.168
20.300000000000018 119.737
20.40000000000002 120.121
20.500000000000021 120.636
20.600000000000023 121.066
20.700000000000024 121.363
20.800000000000026 121.931
20.900000000000027 122.266
21.000000000000028 122.886
21.10000000000003 123.212
21.200000000000031 123.835
21.300000000000033 124.182
21.400000000000034 124.776
21.500000000000036 125.144
21.600000000000037 125.718
21.700000000000038 126.092
21.80000000000004 126.638
21.900000000000041 127.024
22.000000000000043 127.386
22.100000000000044 127.903
22.200000000000045 128.176
22.300000000000047 128.783
22.400000000000048 129.124
22.50000000000005 129.804
22.600000000000051 130.127
22.700000000000053 130.84
22.800000000000054 131.199
22.900000000000055 131.868
23.000000000000057 132.277
23.100000000000058 132.895
23.20000000000006 133.323
23.300000000000061 133.922
23.400000000000063 134.317
23.500000000000064 134.971
23.600000000000065 135.311
23.700000000000067 135.865
23.800000000000068 136.313
23.90000000000007 136.884
24.000000000000071 137.351
24.100000000000072 137.925
24.200000000000074 138.41
24.300000000000075 138.972
24.400000000000077 139.425
24.500000000000078 140.011
24.60000000000008 140.432
24.700000000000081 141.05
24.800000000000082 141.44
24.900000000000084 142.096
25.000000000000085 142.447
25.100000000000087 143.106
25.200000000000088 143.441
25.30000000000009 144.088
25.400000000000091 144.434
25.500000000000092 145.049
25.600000000000094 145.414
25.700000000000095 145.977
25.800000000000097 146.38
25.900000000000098 146.885
26.000000000000099 147.273
26.100000000000101 147.761
26.200000000000102 148.207
26.300000000000104 148.631
26.400000000000105 149.162
26.500000000000107 149.523
26.600000000000108 150.124
26.700000000000109 150.444
26.800000000000111 151.027
26.900000000000112 151.391
27.000000000000114 151.846
27.100000000000115 152.188
27.200000000000117 152.634
27.300000000000118 153.138
27.400000000000119 153.608
27.500000000000121 154.212
27.600000000000122 154.626
27.700000000000124 155.278
27.800000000000125 155.651
27.900000000000126 156.344
28.000000000000128 156.676
28.100000000000129 157.376
28.200000000000131 157.681
28.300000000000132 158.377
28.400000000000134 158.68
28.500000000000135 159.353
28.600000000000136 159.622
28.700000000000138 160.285
28.800000000000139 160.547
28.900000000000141 161.206
29.000000000000142 161.472
29.100000000000144 162.066
29.200000000000145 162.423
29.300000000000146 162.897
29.400000000000148 163.381
29.500000000000149 163.717
29.600000000000151 164.327
29.700000000000152 164.576
29.800000000000153 165.177
29.900000000000155 165.219
30.000000000000156 165.219
30.100000000000158 1
30.200000000000159 1
30.300000000000161 2
30.400000000000162 2
30.500000000000163 4
30.600000000000165 4
30.700000000000166 8
30.800000000000168 8
30.900000000000169 16
31.000000000000171 16
31.100000000000172 32
31.200000000000173 32
31.300000000000175 64
31.400000000000176 64
31.500000000000178 82.5591
31.600000000000179 82.5591
31.70000000000018 83.5465
31.800000000000182 83.5465
31.900000000000183 84.5342
32.000000000000185 84.5342
32.100000000000186 85.5222
32.200000000000188 85.5689
32.300000000000189 86.5104
32.40000000000019 86.6259
32.500000000000192 87.4989
32.600000000000193 87.693
32.700000000000195 88.4877
32.800000000000196 88.7585
32.900000000000198 89.4767
33.000000000000199 89.8337
33.1000000000002 90.466
33.200000000000202 90.8631
33.300000000000203 91.4555
33.400000000000205 91.8592
33.500000000000206 92.4452
33.600000000000207 92.8015
33.700000000000209 93.4352
33.80000000000021 93.7344
33.900000000000212 94.4253
34.000000000000213 94.6369
34.100000000000215 95.4157
34.200000000000216 95.5414
34.300000000000217 96.4062
34.400000000000219 96.427
34.50000000000022 97.3456
34.600000000000222 97.397
34.700000000000223 98.1335
34.800000000000225 98.3879
34.900000000000226 98.9151
35.000000000000227 99.379
35.100000000000229 99.6604
35.20000000000023 100.37
35.300000000000232 100.46
35.400000000000233 101.293
35.500000000000234 101.362
35.600000000000236 102.011
35.700000000000237 102.353
35.800000000000239 103.093
35.90000000000024 103.384
36.000000000000242 104.174
36.100000000000243 104.423
36.200000000000244 105.225
36.300000000000246 105.462
36.400000000000247 106.274
36.500000000000249 106.491
36.60000000000025 107.277
36.700000000000252 107.528
36.800000000000253 108.26
36.900000000000254 108.537
37.000000000000256 109.198
37.100000000000257 109.509
37.200000000000259 110.129
37.30000000000026 110.464
37.400000000000261 110.988
37.500000000000263 111.393
37.600000000000264 111.841
37.700000000000266 112.313
37.800000000000267 112.687
37.900000000000269 113.271
38.00000000000027 113.571
38.100000000000271 114.203
38.200000000000273 114.474
38.300000000000274 115.032
38.400000000000276 115.405
38.500000000000277 115.812
38.600000000000279 116.001
38.70000000000028 116.001
38.800000000000281 116.001
38.900000000000283 1
39.000000000000284 2
39.100000000000286 2
39.200000000000287 4
39.300000000000288 4
39.40000000000029 8
39.500000000000291 8
39.600000000000293 16
39.700000000000294 16
39.800000000000296 32
39.900000000000297 32
40.000000000000298 58.1034
40.1000000000003 58.1034
40.200000000000301 58.9238
40.300000000000303 59.0933
40.400000000000304 60.0003
40.500000000000306 60.0836
40.600000000000307 61.0414
40.700000000000308 61.0741
40.80000000000031 62.0328
40.900000000000311 62.065
41.000000000000313 62.9927
41.100000000000314 63.0562
41.200000000000315 63.9069
41.300000000000317 64.0476
41.400000000000318 64.762
41.50000000000032 65.0393
41.600000000000321 65.5906
41.700000000000323 66.0313
41.800000000000324 66.3637
41.900000000000325 67.0235
42.000000000000327 67.1427
42.100000000000328 68.0159
42.20000000000033 68.0306
42.300000000000331 68.994
42.400000000000333 69.0085
42.500000000000334 69.758
42.600000000000335 70.0013
42.700000000000337 70.4286
42.800000000000338 70.9944
42.90000000000034 71.1211
43.000000000000341 71.9737
43.100000000000342 72.1957
43.200000000000344 72.9536
43.300000000000345 73.2819
43.400000000000347 73.934
43.500000000000348 74.3656
43.60000000000035 74.915
43.700000000000351 75.4471
43.800000000000352 75.8964
43.900000000000354 76.5002
44.000000000000355 76.8784
44.100000000000357 77.5003
44.200000000000358 77.8607
44.30000000000036 78.5003
44.400000000000361 78.8689
44.500000000000362 79.4878
44.600000000000364 79.8519
44.700000000000365 80.5129
44.800000000000367 80.9094
44.900000000000368 81.5374
45.000000000000369 81.9655
45.100000000000371 82.537
45.200000000000372 83.0082
45.300000000000374 83.5366
45.400000000000375 84.0617
45.500000000000377 84.5481
45.600000000000378 85.1022
45.700000000000379 85.5593
45.800000000000381 86.1533
45.900000000000382 86.5587
46.000000000000384 87.1918
46.100000000000385 87.558
46.200000000000387 88.2294
46.300000000000388 88.5462
46.400000000000389 89.2437
46.500000000000391 89.5345
46.600000000000392 90.2022
46.700000000000394 90.5011
46.800000000000395 91.1178
46.900000000000396 91.4683
47.000000000000398 92.0025
47.100000000000399 92.4255
47.200000000000401 92.8357
47.300000000000402 93.3835
47.400000000000404 93.6402
47.500000000000405 94.353
47.600000000000406 94.6176
47.700000000000408 95.3126
47.800000000000409 95.5536
47.900000000000411 96.2627
48.000000000000412 96.4806
48.100000000000414 97.0078
48.200000000000415 97.3577
48.300000000000416 97.6858
48.400000000000418 98.3083
48.500000000000419 98.3083
48.600000000000421 98.3083
48.700000000000422 1
48.800000000000423 1
48.900000000000425 2
49.000000000000426 2
49.100000000000428 4
49.200000000000429 4
49.300000000000431 8
49.400000000000432 8
49.500000000000433 16
49.600000000000435 16
49.700000000000436 32
49.800000000000438 32
49.900000000000439 49.3052
50.000000000000441 49.3052
50.100000000000442 50.2894
50.200000000000443 50.2894
50.300000000000445 51.2742
50.400000000000446 51.4106
50.500000000000448 52.2596
50.600000000000449 52.5078
50.70000000000045 53.2455
50.800000000000452 53.6385
50.900000000000453 54.2319
51.000000000000455 54.7641
51.100000000000456 55.2188
51.200000000000458 55.9029
51.300000000000459 56.2062
51.40000000000046 57.0189
51.500000000000462 57.194
51.600000000000463 58.0962
51.700000000000465 58.1822
51.800000000000466 59.1201
51.900000000000468 59.1708
52.000000000000469 60.1598
52.10000000000047 60.1598
52.200000000000472 61.1492
52.300000000000473 61.1492
52.400000000000475 62.1389
52.500000000000476 62.1389
52.600000000000477 63.1289
52.700000000000479 63.1289
52.80000000000048 64.1192
52.900000000000482 64.1192
53.000000000000483 65.1098
53.100000000000485 65.1559
53.200000000000486 66.1007
53.300000000000487 66.2065
53.400000000000489 67.0918
53.50000000000049 67.1961
53.600000000000492 68.0833
53.700000000000493 68.1567
53.800000000000495 69.0749
53.900000000000496 69.0749
54.000000000000497 70.0668
54.100000000000499 70.0668
54.2000000000005 71.0308
54.300000000000502 71.0589
54.400000000000503 71.8567
54.500000000000504 72.0513
54.600000000000506 72.7145
54.700000000000507 73.0438
54.800000000000509 73.4806
54.90000000000051 74.0366
55.000000000000512 74.212
55.100000000000513 75.0295
55.200000000000514 75.0295
55.300000000000516 75.8778
55.400000000000517 76.0226
55.500000000000519 76.6123
55.60000000000052 77.0159
55.700000000000522 77.3787
55.800000000000523 78.0094
55.900000000000524 78.4568
56.000000000000526 79.003
56.100000000000527 79.5455
56.200000000000529 79.9968
56.30000000000053 80.6195
56.400000000000531 80.9784
56.500000000000533 81.6916
56.600000000000534 81.9604
56.700000000000536 82.7619
56.800000000000537 82.9429
56.900000000000539 83.7469
57.00000000000054 83.9615
57.100000000000541 84.6377
57.200000000000543 84.9797
57.300000000000544 85.6245
57.400000000000546 86.0672
57.500000000000547 86.6578
57.600000000000549 87.1755
57.70000000000055 87.6903
57.800000000000551 88.2246
57.900000000000553 88.7333
58.000000000000554 89.2502
58.100000000000556 89.7753
58.200000000000557 90.2641
58.300000000000558 90.7944
58.40000000000056 91.2668
58.500000000000561 91.7912
58.600000000000563 92.2585
58.700000000000564 92.7881
58.800000000000566 93.2719
58.900000000000567 93.7745
59.000000000000568 94.3592
59.10000000000057 94.7611
59.200000000000571 95.4131
59.300000000000573 95.748
59.400000000000574 96.4452
59.500000000000576 96.8074
59.600000000000577 97.4766
59.700000000000578 97.835
59.80000000000058 98.4769
59.900000000000581 98.8216
60.000000000000583 99.4671
60.100000000000584 99.7883
60.200000000000585 100.408
60.300000000000587 100.716
60.400000000000588 101.31
60.50000000000059 101.645
60.600000000000591 102.185
60.700000000000593 102.605
60.800000000000594 103.159
60.900000000000595 103.556
61.000000000000597 104.076
61.100000000000598 104.517
61.2000000000006 104.985
61.300000000000601 105.469
61.400000000000603 105.782
61.500000000000604 106.329
61.600000000000605 106.61
61.700000000000607 107.134
61.800000000000608 107.516
61.90000000000061 107.526
62.000000000000611 107.526
62.100000000000612 1
62.200000000000614 1
62.300000000000615 2
62.400000000000617 2
62.500000000000618 4
62.60000000000062 4
62.700000000000621 8
62.800000000000622 8
62.900000000000624 16
63.000000000000625 16
63.100000000000627 32
63.200000000000628 32
63.30000000000063 53.2072
63.400000000000631 53.2072
63.500000000000632 54.1943
63.600000000000634 54.1943
63.700000000000635 55.1819
63.800000000000637 55.1819
63.900000000000638 56.1699
64.000000000000639 56.1699
64.100000000000634 57.1583
64.200000000000628 57.1583
64.300000000000622 58.1472
64.400000000000617 58.1472
64.500000000000611 59.1364
64.600000000000605 59.1533
64.7000000000006 60.1259
64.800000000000594 60.2256
64.900000000000588 61.1158
65.000000000000583 61.3282
65.100000000000577 62.106
65.200000000000571 62.4273
65.300000000000566 63.0965
65.40000000000056 63.5231
65.500000000000554 64.0874
65.600000000000549 64.6312
65.700000000000543 65.0785
65.800000000000537 65.7207
65.900000000000531 66.0698
66.000000000000526 66.8074
66.10000000000052 67.0614
66.200000000000514 67.8767
66.300000000000509 68.0533
66.400000000000503 68.9294
66.500000000000497 69.0454
66.600000000000492 69.9377
66.700000000000486 70.0377
66.80000000000048 70.9034
66.900000000000475 71.0302
67.000000000000469 71.8561
67.100000000000463 72.023
67.200000000000458 72.7552
67.300000000000452 73.0159
67.400000000000446 73.6161
67.500000000000441 74.009
67.600000000000435 74.4536
67.700000000000429 75.0023
67.800000000000423 75.3084
67.900000000000418 75.9958
68.000000000000412 76.1667
68.100000000000406 76.9764
68.200000000000401 77.0544
68.300000000000395 77.8035
68.400000000000389 77.9576
68.500000000000384 78.5328
68.600000000000378 78.9392
68.700000000000372 79.3436
68.800000000000367 79.9213
68.900000000000361 80.246
69.000000000000355 80.9038
69.10000000000035 81.2861
69.200000000000344 81.8867
69.300000000000338 82.3252
69.400000000000333 82.8701
69.500000000000327 83.3514
69.600000000000321 83.8538
69.700000000000315 84.3651
69.80000000000031 84.8497
69.900000000000304 85.355
70.000000000000298 85.8457
70.100000000000293 86.2872
70.200000000000287 86.8303
70.300000000000281 87.2324
70.400000000000276 87.8266
70.50000000000027 88.2355
70.600000000000264 88.8004
70.700000000000259 89.2161
70.800000000000253 89.786
70.900000000000247 90.1861
71.000000000000242 90.7609
71.100000000000236 91.1457
71.20000000000023 91.7363
71.300000000000225 92.0953
71.400000000000219 92.6475
71.500000000000213 93.003
71.600000000000207 93.5498
71.700000000000202 93.9445
71.800000000000196 94.4329
71.90000000000019 94.8345
72.000000000000185 95.2869
72.100000000000179 95.7266
72.200000000000173 96.154
72.300000000000168 96.6106
72.400000000000162 96.9825
72.500000000000156 97.4967
72.600000000000151 97.8653
72.700000000000145 98.3444
72.800000000000139 98.8819
72.900000000000134 99.3863
73.000000000000128 99.8781
73.100000000000122 100.407
73.200000000000117 100.904
73.300000000000111 101.438
73.400000000000105 101.989
73.500000000000099 102.487
73.600000000000094 103.032
73.700000000000088 103.565
73.800000000000082 104.056
73.900000000000077 104.622
74.000000000000071 104.975
74.100000000000065 105.658
74.20000000000006 105.914
74.300000000000054 106.676
74.400000000000048 106.91
74.500000000000043 107.665
74.600000000000037 107.925
74.700000000000031 108.654
74.800000000000026 108.93
74.90000000000002 109.644
75.000000000000014 109.926
75.100000000000009 110.633
75.200000000000003 110.904
75.299999999999997 111.605
75.399999999999991 111.874
75.499999999999986 112.578
75.59999999999998 112.835
75.699999999999974 113.551
75.799999999999969 113.806
75.899999999999963 114.489
75.999999999999957 114.76
76.099999999999952 115.385
76.199999999999946 115.706
76.29999999999994 116.249
76.399999999999935 116.678
76.499999999999929 117.038
76.599999999999923 117.575
76.699999999999918 117.838
76.799999999999912 118.473
76.899999999999906 118.751
76.999999999999901 119.339
77.099999999999895 119.682
77.199999999999889 120.157
77.299999999999883 120.257
77.399999999999878 120.257
77.499999999999872 120.257
77.599999999999866 1
77.699999999999861 2
77.799999999999855 2
77.899999999999849 4
77.999999999999844 4
78.099999999999838 8
78.199999999999832 8
78.299999999999827 16
78.399999999999821 16
78.499999999999815 32
78.59999999999981 32
78.699999999999804 60.0666
78.799999999999798 60.0666
78.899999999999793 61.0247
78.999999999999787 61.0575
79.099999999999781 62.0486
79.199999999999775 62.0486
79.29999999999977 63.0401
79.399999999999764 63.0401
79.499999999999758 64.0318
79.599999999999753 64.0318
79.699999999999747 65.0237
79.799999999999741 65.0237
79.899999999999736 66.0159
79.99999999999973 66.0159
80.099999999999724 67.0083
80.199999999999719 67.0083
80.299999999999713 67.9715
80.399999999999707 68.0009
80.499999999999702 68.8632
80.599999999999696 68.9938
80.69999999999969 69.7004
80.799999999999685 69.9725
80.899999999999679 70.4852
80.999999999999673 70.9519
81.099999999999667 71.2332
81.199999999999662 71.9318
81.299999999999656 72.029
81.39999999999965 72.9122
81.499999999999645 72.9122
81.599999999999639 73.7578
81.699999999999633 73.8932
81.799999999999628 74.4461
81.899999999999622 74.8747
81.999999999999616 75.1547
82.099999999999611 75.8567
82.199999999999605 76.2249
82.299999999999599 76.8391
82.399999999999594 77.3062
82.499999999999588 77.822
82.599999999999582 78.3854
82.699999999999577 78.8053
82.799999999999571 79.4625
82.899999999999565 79.789
82.999999999999559 80.5375
83.099999999999554 80.7731
83.199999999999548 81.5617
83.299999999999542 81.7576
83.399999999999537 82.5247
83.499999999999531 82.7667
83.599999999999525 83.5125
83.69999999999952 83.8471
83.799999999999514 84.5479
83.899999999999508 84.9491
83.999999999999503 85.5824
84.099999999999497 86.0021
84.199999999999491 86.6278
84.299999999999486 87.0309
84.39999999999948 87.6606
84.499999999999474 88.0476
84.599999999999469 88.6588
84.699999999999463 89.165
84.799999999999457 89.646
84.899999999999451 90.2685
84.999999999999446 90.6334
85.09999999999944 91.3259
85.199999999999434 91.6211
85.299999999999429 92.3278
85.399999999999423 92.609
85.499999999999417 93.3405
85.599999999999412 93.5972
85.699999999999406 94.374
85.7999999999994 94.5857
85.899999999999395 95.3964
85.999999999999389 95.5744
86.099999999999383 96.4079
86.199999999999378 96.5633
86.299999999999372 97.4089
86.399999999999366 97.5525
86.499999999999361 98.3793
86.599999999999355 98.5418
86.699999999999349 99.3504
86.799999999999343 99.5314
86.899999999999338 100.322
86.999999999999332 100.521
87.099999999999326 101.195
87.199999999999321 101.511
87.299999999999315 102.012
87.399999999999309 102.501
87.499999999999304 102.784
87.599999999999298 103.453
87.699999999999292 103.521
87.799999999999287 104.396
87.899999999999281 104.482
87.999999999999275 105.331
88.09999999999927 105.473
88.199999999999264 106.05
88.299999999999258 106.464
88.399999999999253 106.783
88.499999999999247 107.436
88.599999999999241 107.864
88.699999999999235 108.446
88.79999999999923 108.934
88.899999999999224 109.438
88.999999999999218 110.012
89.099999999999213 110.429
89.199999999999207 111.061
89.299999999999201 111.421
89.399999999999196 112.065
89.49999999999919 112.413
89.599999999999184 112.998
89.699999999999179 113.405
89.799999999999173 113.898
89.899999999999167 114.441
89.999999999999162 114.877
90.099999999999156 115.493
90.19999999999915 115.925
90.299999999999145 116.528
90.399999999999139 116.939
90.499999999999133 117.527
90.599999999999127 117.918
90.699999999999122 118.502
90.799999999999116 118.881
90.89999999999911 119.435
90.999999999999105 119.828
91.099999999999099 120.336
91.199999999999093 120.792
91.299999999999088 121.279
91.399999999999082 121.749
91.499999999999076 122.232
91.599999999999071 122.69
91.699999999999065 123.145
91.799999999999059 123.591
91.899999999999054 124.011
91.999999999999048 124.51
92.099999999999042 124.855
92.199999999999037 125.358
92.299999999999031 125.757
92.399999999999025 126.185
92.499999999999019 126.684
92.599999999999014 126.991
92.699999999999008 126.991
92.799999999999002 126.991
92.899999999998997 1
92.999999999998991 1
93.099999999998985 2
93.19999999999898 2
93.299999999998974 4
93.399999999998968 4
93.499999999998963 8
93.599999999998957 8
93.699999999998951 16
93.799999999998946 16
93.89999999999894 32
93.999999999998934 32
94.099999999998929 63.0159
94.199999999998923 63.0159
94.299999999998917 64.0079
94.399999999998911 64.0079
94.499999999998906 65.0002
94.5999999999989 65.1079
94.699999999998894 65.9928
94.799999999998889 66.265
94.899999999998883 66.9706
94.999999999998877 67.4023
95.099999999998872 67.9491
95.199999999998866 68.5207
95.29999999999886 68.9282
95.399999999998855 69.6211
95.499999999998849 69.9078
95.599999999998843 70.6478
95.699999999998838 70.8881
95.799999999998832 71.6877
95.899999999998826 71.8689
95.99999999999882 72.699
96.099999999998815 72.8502
96.199999999998809 73.6964
96.299999999998803 73.832
96.399999999998798 74.6403
96.499999999998792 74.8142
96.599999999998786 75.5591
96.699999999998781 75.797
96.799999999998775 76.4539
96.899999999998769 76.7802
96.999999999998764 77.2865
97.099999999998758 77.7638
97.199999999998752 78.0847
97.299999999998747 78.7478
97.399999999998741 78.7986
97.499999999998735 79.7323
97.59999999999873 79.7323
97.699999999998724 80.6179
97.799999999998718 80.7171
97.899999999998712 81.408
97.999999999998707 81.7023
98.099999999998701 82.093
98.199999999998695 82.5547
98.29999999999869 82.5547
98.399999999998684 82.5547
98.499999999998678 1
98.599999999998673 1
98.699999999998667 2
98.799999999998661 2
98.899999999998656 4
98.99999999999865 4
99.099999999998644 8
99.199999999998639 8
99.299999999998633 1
99.399999999998627 1
99.499999999998622 1
99.599999999998616 1
99.69999999999861 1
99.799999999998604 1
99.899999999998599 1
99.999999999998593 1
