0 1
0.10000000000000001 1
0.20000000000000001 1
0.30000000000000004 1
0.40000000000000002 1
0.5 1
0.59999999999999998 1
0.69999999999999996 1
0.79999999999999993 1
0.89999999999999991 1
0.99999999999999989 1
1.0999999999999999 1
1.2 2
1.3 2
1.4000000000000001 4
1.5000000000000002 4
1.6000000000000003 8
1.7000000000000004 8
1.8000000000000005 16
1.9000000000000006 16
2.0000000000000004 32
2.1000000000000005 32
2.2000000000000006 64
2.3000000000000007 64
2.4000000000000008 128
2.5000000000000009 144
2.600000000000001 226
2.7000000000000011 226
2.8000000000000012 226
2.9000000000000012 1
3.0000000000000013 1
3.1000000000000014 2
3.2000000000000015 2
3.3000000000000016 3
3.4000000000000017 5
3.5000000000000018 5
3.6000000000000019 8
3.700000000000002 8
3.800000000000002 12
3.9000000000000021 12
4.0000000000000018 16
4.1000000000000014 16
4.2000000000000011 24
4.3000000000000007 24
4.4000000000000004 36
4.5 36
4.5999999999999996 54
4.6999999999999993 54
4.7999999999999989 97
4.8999999999999986 100
4.9999999999999982 113.715
5.0999999999999979 113.838
5.1999999999999975 114.704
5.2999999999999972 114.756
5.3999999999999968 115.694
5.4999999999999964 115.702
5.5999999999999961 116.683
5.6999999999999957 116.683
5.7999999999999954 117.529
5.899999999999995 117.673
5.9999999999999947 118.36
6.0999999999999943 118.664
6.199999999999994 119.151
6.2999999999999936 119.654
6.3999999999999932 119.921
6.4999999999999929 120.644
6.5999999999999925 120.694
6.6999999999999922 121.635
6.7999999999999918 121.635
6.8999999999999915 121.701
6.9999999999999911 121.701
7.0999999999999908 121.701
7.1999999999999904 1
7.2999999999999901 1
7.3999999999999897 2
7.4999999999999893 2
7.599999999999989 3
7.6999999999999886 4
7.7999999999999883 4
7.8999999999999879 8
7.9999999999999876 8
8.0999999999999872 16
8.1999999999999869 16
8.2999999999999865 32
8.3999999999999861 32
8.4999999999999858 60.0666
8.5999999999999854 60.0666
8.6999999999999851 61.0575
8.7999999999999847 61.0575
8.8999999999999844 62.0486
8.999999999999984 62.0486
9.0999999999999837 63.0401
9.1999999999999833 63.1035
9.2999999999999829 64.0318
9.3999999999999826 64.2345
9.4999999999999822 65.0237
9.5999999999999819 65.3
9.6999999999999815 66.0159
9.7999999999999812 66.3785
9.8999999999999808 67.0083
9.9999999999999805 67.4546
10.09999999999998 68.0009
10.19999999999998 68.4845
10.299999999999979 68.9938
10.399999999999979 69.4849
10.499999999999979 69.9725
10.599999999999978 70.4284
10.699999999999978 70.9519
10.799999999999978 71.3454
10.899999999999977 71.9318
10.999999999999977 72.2647
11.099999999999977 72.9122
11.199999999999976 73.1724
11.299999999999976 73.8932
11.399999999999975 74.096
11.499999999999975 74.8747
11.599999999999975 75.0481
11.699999999999974 75.8567
11.799999999999974 76.0016
11.899999999999974 76.6045
11.999999999999973 76.9041
12.099999999999973 77.345
12.199999999999973 77.822
12.299999999999972 78.1682
12.399999999999972 78.5383
12.499999999999972 78.5383
12.599999999999971 78.5383
12.699999999999971 1
12.799999999999971 1
12.89999999999997 2
12.99999999999997 3
13.099999999999969 3
13.199999999999969 6
13.299999999999969 6
13.399999999999968 12
13.499999999999968 12
13.599999999999968 24
13.699999999999967 24
13.799999999999967 39.2302
13.899999999999967 39.2302
13.999999999999966 40.2123
14.099999999999966 40.2123
14.199999999999966 41.1953
14.299999999999965 41.2196
14.399999999999965 42.1791
14.499999999999964 42.3212
14.599999999999964 43.1637
14.699999999999964 43.4639
14.799999999999963 44.1489
14.899999999999963 44.6221
14.999999999999963 45.1348
15.099999999999962 45.7948
15.199999999999962 46.1212
15.299999999999962 46.9168
15.399999999999961 47.1083
15.499999999999961 48.0958
15.599999999999961 48.0958
15.69999999999996 49.0839
15.79999999999996 49.0839
15.899999999999959 50.0724
15.999999999999959 50.1124
16.099999999999959 51.0614
16.19999999999996 51.1593
16.299999999999962 52.0508
16.399999999999963 52.2043
16.499999999999964 53.0406
16.599999999999966 53.2289
16.699999999999967 54.0308
16.799999999999969 54.2156
16.89999999999997 55.0213
16.999999999999972 55.1847
17.099999999999973 56.0122
17.199999999999974 56.1548
17.299999999999976 57.0033
17.399999999999977 57.1085
17.499999999999979 57.943
17.59999999999998 58.0637
17.699999999999982 58.7487
17.799999999999983 59.0374
17.899999999999984 59.5603
17.999999999999986 59.9953
18.099999999999987 60.3443
18.199999999999989 60.9216
18.29999999999999 61.2328
18.399999999999991 61.8988
18.499999999999993 62.1568
18.599999999999994 62.4457
18.699999999999996 62.4457
18.799999999999997 62.4457
18.899999999999999 1
19 1
19.100000000000001 2
19.200000000000003 2
19.300000000000004 3
19.400000000000006 4
19.500000000000007 4
19.600000000000009 5
19.70000000000001 5
19.800000000000011 10
19.900000000000013 10
20.000000000000014 20
20.100000000000016 20
20.200000000000017 31.2891
20.300000000000018 31.2891
20.40000000000002 31.7336
20.500000000000021 32.2652
20.600000000000023 32.2652
20.700000000000024 32.3889
20.800000000000026 32.3889
20.900000000000027 1
21.000000000000028 1
21.10000000000003 2
21.200000000000031 2
21.300000000000033 3
21.400000000000034 3
21.500000000000036 3
21.600000000000037 5
21.700000000000038 5
21.80000000000004 10
21.900000000000041 10
22.000000000000043 16.2486
22.100000000000044 16.2486
22.200000000000045 16.6144
22.300000000000047 16.6144
22.400000000000048 16.6144
22.50000000000005 1
22.600000000000051 1
22.700000000000053 2
22.800000000000054 2
22.900000000000055 3
23.000000000000057 3
23.100000000000058 5
23.20000000000006 5
23.300000000000061 7
23.400000000000063 8.125
23.500000000000064 8.72279
23.600000000000065 9.28168
23.700000000000067 9.60123
23.800000000000068 10.5011
23.90000000000007 10.5011
24.000000000000071 11.4174
24.100000000000072 11.4174
24.200000000000074 12.3465
24.300000000000075 12.3465
24.400000000000077 13.2857
24.500000000000078 13.2857
24.60000000000008 14.233
24.700000000000081 14.233
24.800000000000082 15.187
24.900000000000084 15.187
25.000000000000085 16.1464
25.100000000000087 16.1464
25.200000000000088 17.1103
25.30000000000009 17.1103
25.400000000000091 18.0781
25.500000000000092 18.0781
25.600000000000094 19.0492
25.700000000000095 19.0492
25.800000000000097 20.023
25.900000000000098 20.023
26.000000000000099 20.9992
26.100000000000101 20.9992
26.200000000000102 21.932
26.300000000000104 21.932
26.400000000000105 22.5619
26.500000000000107 22.8704
26.600000000000108 23.0882
26.700000000000109 23.8137
26.800000000000111 23.8137
26.900000000000112 24.7615
27.000000000000114 24.7615
27.100000000000115 25.4393
27.200000000000117 25.4393
27.300000000000118 25.4393
27.400000000000119 1
27.500000000000121 1
27.600000000000122 2
27.700000000000124 2
27.800000000000125 3
27.900000000000126 3
28.000000000000128 4
28.100000000000129 8
28.200000000000131 8
28.300000000000132 12.3299
28.400000000000134 12.3299
28.500000000000135 13.2703
28.600000000000136 13.2703
28.700000000000138 14.0769
28.800000000000139 14.2187
28.900000000000141 14.359
29.000000000000142 15.1735
29.100000000000144 15.1735
29.200000000000145 16.1337
29.300000000000146 16.1337
29.400000000000148 17.0984
29.500000000000149 17.0984
29.600000000000151 18.0668
29.700000000000152 18.0668
29.800000000000153 18.6129
29.900000000000155 18.7736
30.000000000000156 18.7736
30.100000000000158 1
30.200000000000159 1
30.300000000000161 2
30.400000000000162 2
30.500000000000163 3
30.600000000000165 3
30.700000000000166 4
30.800000000000168 4
30.900000000000169 8
31.000000000000171 9.22087
31.100000000000172 9.75093
31.200000000000173 10.638
31.300000000000175 10.638
31.400000000000176 11.5434
31.500000000000178 11.5434
31.600000000000179 12.463
31.70000000000018 12.463
31.800000000000182 13.394
31.900000000000183 13.394
32.000000000000185 14.3341
32.100000000000186 14.3341
32.200000000000188 15.2817
32.300000000000189 15.2817
32.40000000000019 16.2355
32.500000000000192 16.2971
32.600000000000193 17.1945
32.700000000000195 17.3684
32.800000000000196 18.1578
32.900000000000198 18.4315
33.000000000000199 19.1248
33.1000000000002 19.5391
33.200000000000202 20.0949
33.300000000000203 20.5384
33.400000000000205 21.0678
33.500000000000206 21.5378
33.600000000000207 22.0431
33.700000000000209 22.4926
33.80000000000021 23.0205
33.900000000000212 23.4085
34.000000000000213 23.9997
34.100000000000215 24.331
34.200000000000216 24.9404
34.300000000000217 25.2197
34.400000000000219 25.8855
34.50000000000022 26.1164
34.600000000000222 26.8346
34.700000000000223 27.0204
34.800000000000225 27.7872
34.900000000000226 27.7872
35.000000000000227 28.5685
35.100000000000229 28.7431
35.20000000000023 29.3289
35.300000000000232 29.7018
35.400000000000233 29.9032
35.500000000000234 29.9032
35.600000000000236 29.9032
35.700000000000237 1
35.800000000000239 1
35.90000000000024 2
36.000000000000242 2
36.100000000000243 3
36.200000000000244 3
36.300000000000246 6
36.400000000000247 8
36.500000000000249 12
36.60000000000025 14.2836
36.700000000000252 14.6986
36.800000000000253 15.3
36.900000000000254 15.624
37.000000000000256 16.1909
37.100000000000257 16.558
37.200000000000259 16.7385
37.30000000000026 17.4992
37.400000000000261 17.4992
37.500000000000263 18.4466
37.600000000000264 18.4466
37.700000000000266 19.3991
37.800000000000267 19.3991
37.900000000000269 20.3562
38.00000000000027 20.3562
38.100000000000271 21.3172
38.200000000000273 21.3172
38.300000000000274 21.7817
38.400000000000276 22.2815
38.500000000000277 22.3264
38.600000000000279 22.6822
38.70000000000028 22.6822
38.800000000000281 1
38.900000000000283 1
39.000000000000284 2
39.100000000000286 2
39.200000000000287 3
39.300000000000288 3
39.40000000000029 5
39.500000000000291 5
39.600000000000293 10
39.700000000000294 10
39.800000000000296 11.7928
39.900000000000297 11.7928
40.000000000000298 12.6942
40.1000000000003 13.1598
40.200000000000301 13.6093
40.300000000000303 14.1864
40.400000000000304 14.5355
40.500000000000306 15.4058
40.600000000000307 15.4707
40.700000000000308 16.4135
40.80000000000031 16.4135
40.900000000000311 17.3625
41.000000000000313 17.3625
41.100000000000314 18.317
41.200000000000315 18.317
41.300000000000317 19.276
41.400000000000318 19.276
41.50000000000032 20.04
41.600000000000321 20.2389
41.700000000000323 20.7276
41.800000000000324 21.2051
41.900000000000325 21.4399
42.000000000000327 22.1744
42.100000000000328 22.2195
42.20000000000033 23.1462
42.300000000000331 23.1462
42.400000000000333 24.1203
42.500000000000334 24.1203
42.600000000000335 25.0963
42.700000000000337 25.0963
42.800000000000338 25.6486
42.90000000000034 26.0742
43.000000000000341 26.3795
43.100000000000342 27.0537
43.200000000000344 27.5667
43.300000000000345 28.0346
43.400000000000347 28.7744
43.500000000000348 29.0167
43.60000000000035 30.0001
43.700000000000351 30.0001
43.800000000000352 30.9845
43.900000000000354 30.9845
44.000000000000355 31.9385
44.100000000000357 31.9385
44.200000000000358 32.8952
44.30000000000036 32.8952
44.400000000000361 33.8545
44.500000000000362 33.8545
44.600000000000364 34.816
44.700000000000365 34.8447
44.800000000000367 35.7796
44.900000000000368 35.8913
45.000000000000369 36.7452
45.100000000000371 36.9894
45.200000000000372 37.7125
45.300000000000374 38.0821
45.400000000000375 38.6815
45.500000000000377 39.1442
45.600000000000378 39.652
45.700000000000379 40.2281
45.800000000000381 40.624
45.900000000000382 41.3077
46.000000000000384 41.5973
46.100000000000385 42.407
46.200000000000387 42.5718
46.300000000000388 43.4785
46.400000000000389 43.5704
46.500000000000391 44.5017
46.600000000000392 44.5466
46.700000000000394 45.4799
46.800000000000395 45.5239
46.900000000000396 46.3944
47.000000000000398 46.4806
47.100000000000399 47.3124
47.200000000000401 47.4601
47.300000000000402 48.1713
47.400000000000404 48.4405
47.500000000000405 48.9949
47.600000000000406 49.4217
47.700000000000408 49.7847
47.800000000000409 50.4036
47.900000000000411 50.6609
48.000000000000412 51.3862
48.100000000000414 51.4834
48.200000000000415 52.3695
48.300000000000416 52.3886
48.400000000000418 53.0337
48.500000000000419 53.0337
48.600000000000421 53.0337
48.700000000000422 1
48.800000000000423 1
48.900000000000425 2
49.000000000000426 2
49.100000000000428 3
49.200000000000429 3
49.300000000000431 6
49.400000000000432 6
49.500000000000433 12
49.600000000000435 12
49.700000000000436 24
49.800000000000438 24
49.900000000000439 26.8334
50.000000000000441 27.0932
50.100000000000442 27.7861
50.200000000000443 28.3211
50.300000000000445 28.742
50.400000000000446 29.4979
50.500000000000448 29.7007
50.600000000000449 30.6295
50.70000000000045 30.6621
50.800000000000452 31.6259
50.900000000000453 31.6259
51.000000000000455 32.5918
51.100000000000456 32.5918
51.200000000000458 33.5597
51.300000000000459 33.5597
51.40000000000046 34.5295
51.500000000000462 34.7317
51.600000000000463 35.5009
51.700000000000465 35.8374
51.800000000000466 36.4738
51.900000000000468 36.9371
52.000000000000469 37.4482
52.10000000000047 38.0313
52.200000000000472 38.4238
52.300000000000473 39.146
52.400000000000475 39.4007
52.500000000000476 40.2547
52.600000000000477 40.3787
52.700000000000479 41.3578
52.80000000000048 41.4061
52.900000000000482 42.3378
53.000000000000483 42.4322
53.100000000000485 43.3187
53.200000000000486 43.434
53.300000000000487 44.3005
53.400000000000489 44.4583
53.50000000000049 45.2831
53.600000000000492 45.4374
53.700000000000493 46.2664
53.800000000000495 46.4175
53.900000000000496 47.2504
54.000000000000497 47.3983
54.100000000000499 48.235
54.2000000000005 48.3593
54.300000000000502 49.0371
54.400000000000503 49.3015
54.500000000000504 49.786
54.600000000000506 50.2261
54.700000000000507 50.6425
54.800000000000509 51.1926
54.90000000000051 51.5236
55.000000000000512 52.1795
55.100000000000513 52.4281
55.200000000000514 53.1669
55.300000000000516 53.3359
55.400000000000517 53.9141
55.500000000000519 54.0068
55.60000000000052 54.0068
55.700000000000522 1
55.800000000000523 1
55.900000000000524 2
56.000000000000526 2
56.100000000000527 3
56.200000000000529 3
56.30000000000053 6
56.400000000000531 6
56.500000000000533 12
56.600000000000534 12
56.700000000000536 24
56.800000000000537 27.1847
56.900000000000539 27.7674
57.00000000000054 28.5842
57.100000000000541 28.7239
57.200000000000543 29.6832
57.300000000000544 29.6832
57.400000000000546 30.6452
57.500000000000547 30.6452
57.600000000000549 31.6095
57.70000000000055 31.6095
57.800000000000551 32.5759
57.900000000000553 32.5759
58.000000000000554 33.5443
58.100000000000556 33.5443
58.200000000000557 34.5144
58.300000000000558 34.7167
58.40000000000056 35.4862
58.500000000000561 35.8787
58.600000000000563 36.4596
58.700000000000564 37.0313
58.800000000000566 37.4343
58.900000000000567 38.2276
59.000000000000568 38.4103
59.10000000000057 39.3621
59.200000000000571 39.3875
59.300000000000573 40.3659
59.400000000000574 40.3659
59.500000000000576 41.3452
59.600000000000577 41.3452
59.700000000000578 42.3255
59.80000000000058 42.3491
59.900000000000581 43.3067
60.000000000000583 43.3298
60.100000000000584 44.2888
60.200000000000585 44.3113
60.300000000000587 45.2716
60.400000000000588 45.2937
60.50000000000059 46.2551
60.600000000000591 46.2551
60.700000000000593 47.0909
60.800000000000594 47.2394
60.900000000000595 47.8704
61.000000000000597 48.2243
61.100000000000598 48.6784
61.2000000000006 49.2098
61.300000000000601 49.5339
61.400000000000603 50.1958
61.500000000000604 50.355
61.600000000000605 51.1824
61.700000000000607 51.202
61.800000000000608 51.9774
61.90000000000061 51.9967
62.000000000000611 51.9967
62.100000000000612 51.9967
62.200000000000614 1
62.300000000000615 2
62.400000000000617 2
62.500000000000618 3
62.60000000000062 3
62.700000000000621 6
62.800000000000622 6
62.900000000000624 12
63.000000000000625 12
63.100000000000627 24
63.200000000000628 24
63.30000000000063 25.9044
63.400000000000631 25.9044
63.500000000000632 26.8528
63.600000000000634 27.0014
63.700000000000635 27.8048
63.800000000000637 28.1624
63.900000000000638 28.76
64.000000000000639 29.3455
64.100000000000634 29.7182
64.200000000000628 30.5156
64.300000000000622 30.6791
64.400000000000617 31.6423
64.500000000000611 31.6423
64.600000000000605 32.6078
64.7000000000006 32.6078
64.800000000000594 33.5752
64.900000000000588 33.605
65.000000000000583 34.5445
65.100000000000577 34.6602
65.200000000000571 35.5155
65.300000000000566 35.7681
65.40000000000056 36.4881
65.500000000000554 36.897
65.600000000000549 37.462
65.700000000000543 38.1238
65.800000000000537 38.4374
65.900000000000531 39.2868
66.000000000000526 39.4139
66.10000000000052 40.3668
66.200000000000514 40.3916
66.300000000000509 41.3703
66.400000000000503 41.3703
66.500000000000497 42.3501
66.600000000000492 42.3501
66.700000000000486 43.3307
66.80000000000048 43.3307
66.900000000000475 44.3122
67.000000000000469 44.3122
67.100000000000463 45.2945
67.200000000000458 45.2945
67.300000000000452 46.2776
67.400000000000446 46.2776
67.500000000000441 47.2614
67.600000000000435 47.2614
67.700000000000429 47.8712
67.800000000000423 48.2458
67.900000000000418 48.5146
68.000000000000412 49.2309
68.100000000000406 49.2918
68.200000000000401 50.2165
68.300000000000395 50.2364
68.400000000000389 51.2027
68.500000000000384 51.2027
68.600000000000378 51.7661
68.700000000000372 51.7661
68.800000000000367 51.7661
68.900000000000361 1
69.000000000000355 1
69.10000000000035 2
69.200000000000344 2
69.300000000000338 3
69.400000000000333 3
69.500000000000327 6
69.600000000000321 6
69.700000000000315 12
69.80000000000031 14
69.900000000000304 24
70.000000000000298 25.3577
70.100000000000293 25.9044
70.200000000000287 26.553
70.300000000000281 26.8528
70.400000000000276 27.7327
70.50000000000027 27.8048
70.600000000000264 28.7252
70.700000000000259 28.76
70.800000000000253 29.617
70.900000000000247 29.7182
71.000000000000242 30.4828
71.100000000000236 30.6791
71.20000000000023 31.3245
71.300000000000225 31.6423
71.400000000000219 32.0819
71.500000000000213 32.6078
71.600000000000207 32.7913
71.700000000000202 33.5752
71.800000000000196 33.605
71.90000000000019 34.5445
72.000000000000185 34.5445
72.100000000000179 35.5155
72.200000000000173 35.5155
72.300000000000168 36.4057
72.400000000000162 36.4881
72.500000000000156 36.897
72.600000000000151 36.9783
72.700000000000145 36.9783
72.800000000000139 1
72.900000000000134 1
73.000000000000128 2
73.100000000000122 2
73.200000000000117 3
73.300000000000111 3
73.400000000000105 4
73.500000000000099 4
73.600000000000094 8
73.700000000000088 8
73.800000000000082 16
73.900000000000077 16
74.000000000000071 18.7628
74.100000000000065 18.7628
74.20000000000006 19.7
74.300000000000054 20.1522
74.400000000000048 20.6431
74.500000000000043 21.405
74.600000000000037 21.5913
74.700000000000031 22.5439
74.800000000000026 22.5439
74.90000000000002 23.5004
75.000000000000014 23.5004
75.100000000000009 24.4603
75.200000000000003 24.4603
75.299999999999997 25.4233
75.399999999999991 25.4233
75.499999999999986 26.3511
75.59999999999998 26.3891
75.699999999999974 27.026
75.799999999999969 27.3572
75.899999999999963 27.6845
75.999999999999957 28.3276
76.099999999999952 28.4686
76.199999999999946 29.3
76.29999999999994 29.3
76.399999999999935 30.2741
76.499999999999929 30.2741
76.599999999999923 31.2498
76.699999999999918 31.2498
76.799999999999912 32.1026
76.899999999999906 32.2271
76.999999999999901 32.5053
77.099999999999895 32.6281
77.199999999999889 32.6281
77.299999999999883 1
77.399999999999878 1
77.499999999999872 2
77.599999999999866 2
77.699999999999861 3
77.799999999999855 3
77.899999999999849 4
77.999999999999844 4
78.099999999999838 8
78.199999999999832 8
78.299999999999827 16
78.399999999999821 16
78.499999999999815 16.9723
78.59999999999981 16.9723
78.699999999999804 17.8917
78.799999999999798 18.5512
78.899999999999793 18.8192
78.999999999999787 19.1881
79.099999999999781 19.7538
79.199999999999775 20.3529
79.29999999999977 20.6944
79.399999999999764 21.5476
79.499999999999758 21.6403
79.599999999999753 22.5908
79.699999999999747 22.5908
79.799999999999741 23.5454
79.899999999999736 23.5454
79.99999999999973 24.4627
80.099999999999724 24.5036
80.199999999999719 25.3073
80.299999999999713 25.465
80.399999999999707 26.1245
80.499999999999702 26.4292
80.599999999999696 26.9169
80.69999999999969 27.396
80.799999999999685 27.6866
80.899999999999679 28.365
80.999999999999673 28.5408
81.099999999999667 29.3361
81.199999999999662 29.4722
81.299999999999656 30.3091
81.39999999999965 30.3421
81.499999999999645 31.2837
81.599999999999639 31.2837
81.699999999999633 31.8542
81.799999999999628 32.2599
81.899999999999622 32.5071
81.999999999999616 32.9351
82.099999999999611 32.9351
82.199999999999605 32.9351
82.299999999999599 1
82.399999999999594 2
82.499999999999588 2
82.599999999999582 3
82.699999999999577 3
82.799999999999571 6
82.899999999999565 6
82.999999999999559 12
83.099999999999554 12
83.199999999999548 16.4933
83.299999999999542 16.4933
83.399999999999537 17.4381
83.499999999999531 17.4381
83.599999999999525 18.3886
83.69999999999952 18.3886
83.799999999999514 19.344
83.899999999999508 19.4472
83.999999999999503 20.3037
84.099999999999497 20.7427
84.199999999999491 21.267
84.299999999999486 22.0527
84.39999999999948 22.2335
84.499999999999474 23.2028
84.599999999999469 23.2028
84.699999999999463 24.1746
84.799999999999457 24.1746
84.899999999999451 25.1486
84.999999999999446 25.1486
85.09999999999944 26.1245
85.199999999999434 26.1245
85.299999999999429 27.1022
85.399999999999423 27.1759
85.499999999999417 28.0814
85.599999999999412 28.2235
85.699999999999406 29.062
85.7999999999994 29.3361
85.899999999999395 30.0438
85.999999999999389 30.4408
86.099999999999383 31.0268
86.199999999999378 31.475
86.299999999999372 32.0108
86.399999999999366 32.4455
86.499999999999361 32.9958
86.599999999999355 33.3577
86.699999999999349 33.9522
86.799999999999343 34.2164
86.899999999999338 34.911
86.999999999999332 35.1395
87.099999999999326 35.8721
87.199999999999321 36.0668
87.299999999999315 36.8352
87.399999999999309 36.9978
87.499999999999304 37.8003
87.599999999999298 37.8267
87.699999999999292 38.7671
87.799999999999287 38.7671
87.899999999999281 39.4069
87.999999999999275 39.7355
88.09999999999927 40.1363
88.199999999999264 40.7055
88.299999999999258 40.9993
88.399999999999253 41.6768
88.499999999999247 41.9162
88.599999999999241 42.6495
88.699999999999235 43.0928
88.79999999999923 43.6234
88.899999999999224 44.1703
88.999999999999218 44.5985
89.099999999999213 45.3767
89.199999999999207 45.5746
89.299999999999201 46.5518
89.399999999999196 46.5518
89.49999999999919 47.5299
89.599999999999184 47.5299
89.699999999999179 48.5089
89.799999999999173 48.5089
89.899999999999167 49.4887
89.999999999999162 49.4887
90.099999999999156 50.4693
90.19999999999915 50.4693
90.299999999999145 51.4506
90.399999999999139 51.4506
90.499999999999133 52.4327
90.599999999999127 52.4518
90.699999999999122 53.4154
90.799999999999116 53.4341
90.89999999999911 54.3988
90.999999999999105 54.3988
91.099999999999099 55.3827
91.199999999999093 55.3827
91.299999999999088 56.2962
91.399999999999082 56.3672
91.499999999999076 57.055
91.599999999999071 57.3522
91.699999999999065 57.8039
91.799999999999059 58.3378
91.899999999999054 58.5773
91.999999999999048 59.3238
92.099999999999042 59.4585
92.199999999999037 60.3103
92.299999999999031 60.36
92.399999999999025 60.9536
92.499999999999019 60.9536
92.599999999999014 60.9536
92.699999999999008 1
92.799999999999002 1
92.899999999998997 2
92.999999999998991 2
93.099999999998985 3
93.19999999999898 3
93.299999999998974 4
93.399999999998968 4
93.499999999998963 8
93.599999999998957 16
93.699999999998951 16
93.799999999998946 30.0666
93.89999999999894 30.0666
93.999999999998934 31.0489
94.099999999998929 31.0489
94.199999999998923 32.0323
94.299999999998917 32.0323
94.399999999998911 33.0166
94.499999999998906 33.0166
94.5999999999989 34.0018
94.699999999998894 34.0018
94.799999999998889 34.9879
94.899999999998883 35.0736
94.999999999998877 35.9469
95.099999999998872 36.1965
95.199999999998866 36.9081
95.29999999999886 37.3124
95.399999999998855 37.8713
95.499999999998849 38.474
95.599999999998843 38.8363
95.699999999998838 39.6015
95.799999999998832 39.8031
95.899999999998826 40.6977
95.99999999999882 40.7714
96.099999999998815 41.7412
96.199999999998809 41.7412
96.299999999998803 42.7125
96.399999999998798 42.7125
96.499999999998792 43.685
96.599999999998786 43.685
96.699999999998781 44.569
96.799999999998775 44.6587
96.899999999998769 45.4358
96.999999999998764 45.6335
97.099999999998758 46.308
97.199999999998752 46.6094
97.299999999998747 47.1853
97.399999999998741 47.5864
97.499999999998735 48.0882
97.59999999999873 48.5642
97.699999999998724 48.7697
97.799999999998718 49.5429
97.899999999998712 49.5631
97.999999999998707 50.4631
98.099999999998701 50.5225
98.199999999998695 50.7595
98.29999999999869 50.7595
98.399999999998684 50.7595
98.499999999998678 1
98.599999999998673 1
98.699999999998667 2
98.799999999998661 2
98.899999999998656 3
98.99999999999865 4
99.099999999998644 4
99.199999999998639 8
99.299999999998633 8
99.399999999998627 8
99.499999999998622 1
99.599999999998616 1
99.69999999999861 1
99.799999999998604 1
99.899999999998599 1
99.999999999998593 1
