1.22656 3.28399 1.71207 2.35975
1.22656 3.28399 1.71207 2.35975
1.22656 3.28399 1.71207 2.35975
1.22656 3.28399 1.71207 2.35975
1.22656 3.28399 1.71207 2.35975
1.22656 3.28399 1.71207 2.35975
1.22656 3.28399 1.71207 2.35975
1.22656 3.28399 1.71207 2.35975
1.22656 3.28399 1.71207 2.35975
1.22656 3.28399 1.71207 2.35975
1.22656 3.28399 1.71207 2.35975
1.22656 3.28399 1.71207 2.35975
1.22656 3.28399 1.71207 2.35975
1.22656 3.28399 1.71207 2.35975
1.22656 3.28399 1.71207 2.35975
1.22656 3.28399 1.71207 2.35975
1.22656 3.28399 1.71207 2.35975
1.22656 3.28399 1.71207 2.35975
1.22656 3.28399 1.71207 2.35975
1.22656 3.28399 1.71207 2.35975

1.71867 2.10426 1.42617 1.33418
1.24731 1.40822 1.43878 1.90329
1.41162 1.36629 1.3485 1.43907
1.27418 1.44109 1.42431 1.57172
1.2854 1.55697 1.38826 1.30251
1.2585 1.7675 1.16817 0.986241
1.35436 1.45151 1.48075 1.4254
1.65133 1.14583 1.08821 1.30707
1.35446 1.46563 1.23236 1.44792
1.75743 1.32583 1.8517 1.23325
1.66813 1.44563 1.64102 1.51765
1.78464 1.45525 1.27903 1.34994
1.85113 1.48051 1.4184 1.50356
1.66636 1.70837 1.54236 1.52864
1.3273 1.24427 1.44838 1.27418
1.60048 1.66069 1.16541 1.04805
1.56652 1.47991 1.32567 1.59033
1.42578 1.48085 1.31113 1.65218
1.48438 1.74738 1.50226 1.27018
1.56709 1.39931 1.43956 1.1056

1.08387 0.907125 1.08421 0.920682
1.01514 1.01785 1.09887 1.00497
0.897439 0.935839 1.09791 1.1848
1.10963 1.04997 0.963958 1.05633
0.908847 0.990892 0.937326 0.910627
1.08328 1.06884 0.979681 1.04976
0.933006 0.908027 0.947739 1.00269
1.20836 0.793429 1.07279 0.899513
0.967295 1.10931 0.909424 0.890529
0.945681 0.979319 0.77766 0.958221
1.07317 1.06545 0.903577 0.815051
0.960779 1.03839 0.890875 0.944341
0.958952 0.935311 1.02038 0.851338
1.07991 1.17819 0.881973 1.09473
1.02625 0.913767 1.22892 0.826035
0.987653 0.920556 1.21877 0.94343
0.92389 1.12522 0.882877 0.891012
0.98476 1.05297 1.18541 0.867782
1.11163 0.884964 0.974782 0.93716
0.905108 0.981536 1.13736 0.833171

0.767892 0.774248 1.05705 0.725688
0.861082 0.843373 0.718643 0.754316
0.946059 0.732275 0.659234 0.766169
0.77526 0.758812 0.834269 0.763305
0.831322 0.849963 0.852929 0.651942
0.835722 0.754887 0.980022 0.854533
1.0049 0.609432 0.712472 0.784583
0.661979 0.760797 0.862659 0.818533
0.810913 0.719619 0.889527 0.773043
0.706109 0.812671 0.736061 0.72754
0.804225 0.692255 0.819652 0.777441
0.745651 0.836061 0.666595 0.803015
0.789641 0.747836 0.697907 0.754522
0.844769 0.875541 0.756689 0.74694
0.801876 0.712291 0.807111 0.880147
0.950058 0.589471 0.715846 0.8506
0.896089 0.828548 0.806345 0.730922
0.757065 0.841117 0.869671 0.874331
0.77926 0.786632 0.914079 0.774769
0.829402 0.731587 0.77151 0.755489

0.553623 0.554553 0.666038 0.796217
0.679294 0.770549 0.793342 0.66777
0.646524 0.813707 0.57141 0.633892
0.64164 0.67996 0.587369 0.54542
0.73664 0.68665 0.675466 0.641404
0.649276 0.727744 0.641395 0.811128
0.728906 0.593836 0.668404 0.629764
0.760465 0.754364 0.562957 0.689375
0.78539 0.580584 0.685828 0.790648
0.725865 0.69858 0.75493 0.620113
0.644794 0.769007 0.710036 0.675466
0.720987 0.558269 0.703734 0.551926
0.657335 0.74773 0.737686 0.799132
0.697039 0.742231 0.76631 0.773432
0.701166 0.749633 0.727264 0.644056
0.730491 0.668762 0.670288 0.725827
0.774416 0.574996 0.876115 0.663157
0.697088 0.667178 0.688022 0.656756
0.704807 0.686716 0.701764 0.617732
0.691396 0.663875 0.744242 0.586969

0.609545 0.781961 0.517251 0.695246
0.532009 0.577445 0.512682 0.50607
0.680932 0.750511 0.624948 0.547854
0.61165 0.635937 0.558 0.473294
0.642617 0.632023 0.498025 0.609478
0.597655 0.607804 0.743453 0.528055
0.63022 0.608354 0.650391 0.601065
0.625445 0.531218 0.529014 0.613412
0.565318 0.576759 0.673111 0.670568
0.480401 0.605674 0.728488 0.465304
0.631984 0.596385 0.603319 0.501005
0.685991 0.623713 0.572874 0.587787
0.705369 0.589969 0.744514 0.552858
0.564633 0.701976 0.576841 0.48918
0.671671 0.609055 0.634644 0.617697
0.651733 0.610788 0.578065 0.68632
0.591219 0.552833 0.65401 0.657823
0.567208 0.648636 0.558819 0.689478
0.503765 0.579655 0.67777 0.520836
0.606801 0.607645 0.608151 0.541901

0.618916 0.441383 0.570306 0.443158
0.518578 0.502101 0.539618 0.522972
0.512917 0.461558 0.536478 0.603093
0.55942 0.619167 0.598912 0.440689
0.611596 0.571009 0.53915 0.592616
0.554523 0.58219 0.629993 0.53794
0.633821 0.448421 0.489178 0.494347
0.528467 0.536261 0.569131 0.515929
0.55343 0.524003 0.512385 0.618389
0.536438 0.505753 0.58124 0.482676
0.705616 0.497546 0.567972 0.614248
0.503153 0.574754 0.463291 0.661334
0.556492 0.479416 0.525967 0.489591
0.502749 0.500215 0.533162 0.490668
0.639798 0.480356 0.587749 0.673849
0.542229 0.507606 0.507606 0.504651
0.649515 0.518306 0.694297 0.52577
0.536383 0.510556 0.573734 0.448725
0.542623 0.471766 0.484649 0.553642
0.533978 0.438013 0.491402 0.448573

0.514387 0.484049 0.510415 0.370728
0.413566 0.585347 0.555601 0.416787
0.53845 0.494228 0.56796 0.4358
0.489216 0.562627 0.560762 0.479976
0.434107 0.446882 0.547815 0.406357
0.447941 0.459862 0.454029 0.446081
0.577176 0.508662 0.530458 0.473603
0.569055 0.457924 0.491322 0.438088
0.537345 0.437085 0.482773 0.527361
0.541986 0.594362 0.588768 0.469354
0.456736 0.388231 0.491752 0.486496
0.532385 0.622873 0.61444 0.358242
0.607283 0.426607 0.529487 0.450082
0.494206 0.528721 0.533204 0.462906
0.461479 0.492577 0.487844 0.41458
0.47642 0.526341 0.445822 0.543462
0.469321 0.50889 0.439835 0.444411
0.577289 0.47719 0.452526 0.493633
0.533922 0.544496 0.480547 0.51269
0.38648 0.484957 0.393152 0.477103

0.511971 0.452731 0.434002 0.479427
0.436651 0.448505 0.432417 0.473313
0.376533 0.467402 0.52445 0.43002
0.421579 0.428528 0.422173 0.446238
0.424777 0.458323 0.425622 0.449958
0.475052 0.506101 0.445525 0.422936
0.401001 0.46561 0.440104 0.452772
0.409409 0.441253 0.46412 0.396281
0.433635 0.361222 0.486467 0.496932
0.432819 0.369562 0.528971 0.44914
0.416347 0.440753 0.425838 0.373382
0.457997 0.457997 0.443169 0.413088
0.471173 0.470667 0.462663 0.486508
0.500532 0.443637 0.440754 0.454744
0.446171 0.409224 0.474729 0.44346
0.427966 0.442875 0.568587 0.483536
0.417491 0.431461 0.487256 0.42274
0.479168 0.413018 0.421668 0.437527
0.454962 0.437574 0.418329 0.497081
0.433988 0.419828 0.466889 0.474351

0.40015 0.440935 0.44872 0.378827
0.434993 0.455671 0.339741 0.383639
0.420802 0.402734 0.44326 0.404085
0.389757 0.32001 0.458826 0.433147
0.480148 0.385764 0.408406 0.397297
0.406214 0.415534 0.406637 0.355374
0.430601 0.462127 0.380939 0.359075
0.371582 0.426378 0.428742 0.383656
0.48133 0.482261 0.43159 0.406466
0.484251 0.420775 0.438148 0.442301
0.413147 0.382166 0.506345 0.400653
0.42854 0.486434 0.367852 0.353379
0.453357 0.370367 0.37469 0.455053
0.390173 0.366545 0.454962 0.394238
0.414983 0.412532 0.381599 0.425464
0.558617 0.465444 0.428361 0.519168
0.428688 0.412832 0.440049 0.493295
0.455353 0.417478 0.413241 0.447304
0.410703 0.480661 0.450631 0.455368
0.334358 0.39391 0.501494 0.429913

0.442678 0.408261 0.37342 0.44556
0.441363 0.368496 0.368835 0.413964
0.436541 0.431793 0.405081 0.356323
0.405962 0.379106 0.39228 0.335698
0.360006 0.385588 0.359668 0.366085
0.352631 0.441297 0.352292 0.38569
0.412161 0.347155 0.41411 0.339188
0.38314 0.394155 0.368991 0.412795
0.416033 0.380813 0.476989 0.351097
0.365121 0.460204 0.407634 0.417522
0.428009 0.402822 0.352109 0.416815
0.388455 0.370317 0.40795 0.426597
0.349223 0.386099 0.312516 0.338482
0.483384 0.392788 0.388046 0.50125
0.361347 0.381009 0.36582 0.380587
0.369573 0.430433 0.342957 0.409751
0.4127 0.386742 0.387166 0.405829
0.426859 0.401043 0.389955 0.410354
0.455618 0.351969 0.337138 0.41765
0.408156 0.331558 0.425441 0.359859

