1.13117 3.88502 1.61795 2.35875
1.13117 3.88502 1.61795 2.35875
1.13117 3.88502 1.61795 2.35875
1.13117 3.88502 1.61795 2.35875
1.13117 3.88502 1.61795 2.35875
1.13117 3.88502 1.61795 2.35875
1.13117 3.88502 1.61795 2.35875
1.13117 3.88502 1.61795 2.35875
1.13117 3.88502 1.61795 2.35875
1.13117 3.88502 1.61795 2.35875
1.13117 3.88502 1.61795 2.35875
1.13117 3.88502 1.61795 2.35875
1.13117 3.88502 1.61795 2.35875
1.13117 3.88502 1.61795 2.35875
1.13117 3.88502 1.61795 2.35875
1.13117 3.88502 1.61795 2.35875
1.13117 3.88502 1.61795 2.35875
1.13117 3.88502 1.61795 2.35875
1.13117 3.88502 1.61795 2.35875
1.13117 3.88502 1.61795 2.35875

1.53203 1.52746 1.62897 1.66065
1.62055 1.47608 1.58301 1.99042
1.84468 1.55947 1.55311 1.50761
1.77974 1.53468 1.59273 1.64077
1.8508 1.8314 1.47492 1.67735
1.50478 1.80671 1.48885 1.44488
1.56483 1.81318 1.70091 1.74776
1.64574 1.56476 1.78314 1.73028
1.67962 1.97265 1.51847 1.91755
1.66444 1.47608 1.82144 1.57445
1.80038 1.8857 1.80462 1.70701
1.82877 2.07668 1.57594 1.56204
1.91175 1.69699 1.99289 1.75308
1.72646 1.64071 1.64071 1.86058
2.17313 1.56615 1.82384 1.91214
1.50872 1.42497 1.61425 1.54008
1.89956 1.86363 1.57468 1.6984
1.32827 1.62661 1.55408 1.7743
1.92102 1.67299 1.33344 1.92788
1.58754 1.66634 1.66736 1.78777

1.17649 1.09734 0.944649 1.2769
1.04375 1.19763 1.19356 1.29821
1.41852 1.23515 1.15719 1.10092
0.978111 1.19584 1.39424 1.30313
1.24274 1.12425 1.30139 1.3325
1.21454 1.16158 1.13413 0.975176
1.17774 1.21306 1.04528 1.18198
1.34567 1.23242 1.07854 1.3863
1.3866 1.14196 1.09051 1.25924
1.4093 1.26358 1.34996 1.07285
1.15176 1.05255 1.17521 1.24877
1.20768 1.22607 1.4305 1.08928
1.56833 1.04109 1.15133 1.2831
1.193 1.11531 1.09548 1.21486
1.20513 1.24124 1.25675 1.16258
1.27765 1.02383 1.11335 1.34649
1.28677 1.35041 1.06062 1.20356
1.42626 1.24391 1.15333 1.11452
1.06673 1.23413 1.34507 1.10657
1.40599 1.10611 1.12738 1.16695

1.06903 0.991626 1.09641 1.14626
1.03914 0.939913 1.19201 0.963893
1.14998 0.992534 1.04744 0.858903
1.00253 0.910643 1.00829 0.960909
1.07525 1.03085 0.957975 0.96789
0.98649 0.968018 1.01081 0.970814
1.03552 1.16202 0.861478 1.19795
1.03462 0.957251 1.13758 0.949455
0.987047 0.937406 0.821353 0.998737
0.974773 0.89445 0.925701 0.732875
0.928992 1.27831 1.18667 0.89015
0.859863 0.844527 0.866557 0.897654
1.09666 0.761403 0.965624 0.987223
0.937897 0.940777 0.961706 0.953233
0.89818 1.00058 1.04991 0.834182
0.998983 0.983476 1.12457 0.920092
1.02406 0.966278 1.11854 0.940181
0.923195 0.856932 0.971516 1.02178
0.951903 1.04275 0.913173 0.924784
1.06332 0.948717 1.09176 1.05147

0.840224 0.773454 0.901571 0.856408
1.00237 0.766804 0.775365 0.836313
0.795302 0.860404 0.669929 0.925676
0.839356 0.774008 0.867665 0.802402
0.722054 0.846613 1.0189 0.817081
0.834894 0.869219 0.928206 0.91651
0.875469 0.922091 0.819354 0.836138
0.923878 0.657045 0.871766 0.863122
0.965973 0.750147 0.908334 0.933218
0.931035 0.796638 0.952644 1.145
0.874887 0.812014 0.973857 0.848281
0.727143 0.790696 0.894246 0.905432
0.900556 0.902419 0.889889 0.874395
0.906369 0.864678 0.886202 0.731214
0.81417 0.850096 0.969226 0.850943
0.950871 0.801148 0.793946 0.76734
0.874611 0.811064 0.804548 1.03386
0.780206 0.814307 0.929612 0.925813
0.853847 0.750325 0.862207 0.792629
0.846527 0.906714 0.792867 0.778456

0.765085 0.71633 0.81011 0.735747
0.681517 0.690588 0.732976 0.687536
0.755281 0.720646 0.792964 0.901103
0.832947 0.714294 0.643526 0.749212
0.726991 0.690552 0.843085 0.761395
0.683434 0.79782 0.802145 0.679619
0.756318 0.747159 0.800413 0.675335
0.767331 0.810554 0.702836 0.728176
0.862033 0.765913 0.719124 0.761335
0.792887 0.66794 0.846763 0.768575
0.770043 0.69381 0.82383 0.75793
0.71922 0.746064 0.856492 0.798399
0.711611 0.773559 0.737797 0.845169
0.724601 0.738308 0.728577 0.732385
0.7379 0.729426 0.739764 0.680024
0.886891 0.777797 0.806234 0.685037
0.91684 0.791601 0.636959 0.669667
0.787672 0.79783 0.839139 0.707339
0.81259 0.693751 0.738918 0.734182
0.794992 0.80211 0.806601 0.778807

0.759787 0.657081 0.678605 0.619202
0.666184 0.755928 0.705854 0.752544
0.690692 0.712131 0.644087 0.697217
0.62247 0.644764 0.677062 0.698932
0.637737 0.74993 0.707476 0.66604
0.576344 0.714213 0.690783 0.735189
0.669557 0.679132 0.58635 0.660661
0.609893 0.85234 0.607858 0.635843
0.681794 0.655213 0.699909 0.708544
0.658137 0.716357 0.702967 0.73534
0.598009 0.602501 0.702183 0.733461
0.76901 0.582032 0.7236 0.59796
0.669735 0.6562 0.726582 0.641904
0.633584 0.677732 0.738065 0.710441
0.560879 0.627821 0.627312 0.727133
0.66739 0.640484 0.735414 0.613494
0.701927 0.678532 0.775925 0.67226
0.75331 0.705133 0.702593 0.733582
0.71842 0.663327 0.88531 0.618065
0.733557 0.686106 0.688394 0.608488

0.661793 0.62809 0.683133 0.555348
0.724674 0.621669 0.591115 0.638512
0.745685 0.573754 0.603497 0.615869
0.633145 0.647376 0.612051 0.602818
0.640105 0.649511 0.57401 0.578332
0.687202 0.63127 0.653982 0.661863
0.636676 0.572017 0.594644 0.545408
0.695774 0.686802 0.662255 0.574903
0.628421 0.697728 0.63646 0.697136
0.716281 0.581047 0.600378 0.588084
0.573115 0.816289 0.636493 0.675384
0.705673 0.693978 0.660504 0.737791
0.604422 0.581543 0.676532 0.595016
0.675823 0.59983 0.576415 0.668215
0.697887 0.537938 0.688573 0.592891
0.63092 0.541854 0.657784 0.707698
0.742256 0.637139 0.647981 0.601225
0.563059 0.54518 0.611273 0.637964
0.665368 0.583161 0.620196 0.619349
0.597349 0.623358 0.656482 0.622595

0.617349 0.636946 0.594443 0.67088
0.596385 0.596809 0.572401 0.62681
0.605367 0.555965 0.712051 0.571726
0.640685 0.556971 0.571276 0.614276
0.616761 0.570894 0.542375 0.615492
0.61246 0.647779 0.666074 0.617373
0.590496 0.591344 0.525828 0.608126
0.654135 0.57861 0.596665 0.586239
0.600854 0.685442 0.587293 0.649844
0.710004 0.65754 0.610331 0.537271
0.586893 0.536385 0.582409 0.487654
0.564013 0.609178 0.595365 0.570961
0.577277 0.555416 0.56999 0.543893
0.65224 0.551081 0.546756 0.622901
0.612618 0.63789 0.554805 0.496485
0.589663 0.623324 0.554141 0.59719
0.591636 0.657816 0.512407 0.659511
0.621294 0.578201 0.565816 0.564459
0.494613 0.694724 0.569042 0.640256
0.571363 0.709903 0.563822 0.564754

0.559063 0.593893 0.585927 0.585503
0.589773 0.505689 0.581416 0.496065
0.54958 0.530939 0.586862 0.620162
0.543199 0.489581 0.47419 0.542269
0.47363 0.638598 0.580444 0.476512
0.538307 0.565082 0.555168 0.498144
0.574586 0.591772 0.510753 0.533442
0.578375 0.472547 0.545246 0.57685
0.559673 0.5369 0.578382 0.570425
0.533528 0.583876 0.523543 0.511696
0.643207 0.53482 0.540667 0.569819
0.572518 0.485909 0.534627 0.522194
0.555045 0.497729 0.574518 0.576041
0.542464 0.562376 0.605082 0.520433
0.49164 0.559005 0.509858 0.532483
0.584987 0.585748 0.573062 0.483923
0.571714 0.652298 0.526635 0.555276
0.55061 0.513581 0.563998 0.533409
0.596281 0.441872 0.536534 0.545433
0.499401 0.616687 0.642619 0.565926

0.510654 0.522087 0.59373 0.527506
0.563674 0.488682 0.560963 0.520713
0.534229 0.544312 0.507624 0.567698
0.54115 0.53878 0.556641 0.562227
0.564768 0.56604 0.464496 0.554682
0.62261 0.457401 0.564291 0.5264
0.470742 0.586944 0.510295 0.546714
0.552747 0.451687 0.542768 0.549449
0.531337 0.584809 0.55498 0.563878
0.49753 0.455258 0.514558 0.557931
0.513011 0.570266 0.490059 0.548245
0.622496 0.521878 0.52484 0.525432
0.475565 0.518042 0.519229 0.559841
0.551308 0.529358 0.536562 0.608854
0.492045 0.464676 0.544155 0.544494
0.512923 0.534302 0.541793 0.459897
0.535331 0.545558 0.439743 0.576322
0.547347 0.536384 0.511336 0.513022
0.543355 0.450621 0.454351 0.495123
0.558509 0.516733 0.471737 0.478686

