1.23903 3.23474 1.6558 2.54558
1.23903 3.23474 1.6558 2.54558
1.23903 3.23474 1.6558 2.54558
1.23903 3.23474 1.6558 2.54558
1.23903 3.23474 1.6558 2.54558
1.23903 3.23474 1.6558 2.54558
1.23903 3.23474 1.6558 2.54558
1.23903 3.23474 1.6558 2.54558
1.23903 3.23474 1.6558 2.54558
1.23903 3.23474 1.6558 2.54558
1.23903 3.23474 1.6558 2.54558
1.23903 3.23474 1.6558 2.54558
1.23903 3.23474 1.6558 2.54558
1.23903 3.23474 1.6558 2.54558
1.23903 3.23474 1.6558 2.54558
1.23903 3.23474 1.6558 2.54558
1.23903 3.23474 1.6558 2.54558
1.23903 3.23474 1.6558 2.54558
1.23903 3.23474 1.6558 2.54558
1.23903 3.23474 1.6558 2.54558

1.52647 1.5757 1.80415 1.78204
1.58726 1.77563 1.75055 1.43678
1.71188 1.81287 1.59286 1.44945
1.75315 1.46625 1.4316 1.49464
1.73634 1.3346 1.70225 1.72738
1.69258 1.37619 1.6325 1.8717
1.40773 1.54195 2.12515 1.88824
1.6121 1.63438 1.84968 1.76987
1.33897 1.80752 1.68111 1.7205
1.63685 1.60118 1.67769 1.50611
1.72448 1.78091 1.65017 1.53637
1.5172 1.70816 1.40282 1.32107
2.06275 1.69096 1.39953 1.42758
1.79743 1.6333 1.37792 1.43461
1.72849 1.61689 1.59062 1.69544
2.03961 1.44487 1.73051 1.43284
1.72043 1.25726 1.73713 1.73441
1.93214 1.31666 1.54793 1.36261
1.66544 1.46708 1.35031 1.60943
1.67377 1.49651 1.41525 1.72672

1.29753 1.01487 1.19817 1.01631
1.2199 1.00197 1.00874 1.1283
1.18404 0.994056 1.15031 1.16895
1.23444 1.23639 1.34374 1.13234
1.13425 1.20653 1.21314 1.32261
1.08014 1.24792 1.10675 1.00854
1.18959 1.1674 1.09458 1.06156
1.1549 1.055 1.10639 1.19596
1.16848 1.24326 1.16102 1.11774
1.18665 1.1121 1.02199 1.44972
0.961003 1.15725 1.01634 1.02871
1.64305 1.00219 1.35097 1.19985
1.2889 1.26576 1.07104 1.40947
1.17092 1.15187 1.08446 1.02612
1.26397 1.36514 1.26346 1.12467
1.21275 1.08199 0.957237 1.02012
1.05015 1.12234 1.32553 1.26952
1.16482 1.11008 1.16516 1.13143
1.19872 1.21151 1.04705 1.34031
1.17523 1.21844 1.08711 1.28674

1.02115 0.926753 0.817699 0.757452
1.09227 0.862285 1.04114 0.826903
0.959064 0.901677 0.870567 0.919139
0.97801 1.05775 0.897258 0.85362
0.969812 0.816017 0.848078 0.749016
0.79177 0.853033 0.707204 0.850068
0.996247 1.07767 0.785271 0.862459
0.963163 0.888089 0.891648 0.871397
1.04222 1.00651 0.906572 0.841581
1.0433 0.955923 0.942447 0.802013
0.897802 0.882124 1.04653 0.867039
0.863611 0.877338 0.913943 1.2056
1.0322 1.04499 0.916539 1.03923
0.925141 0.890654 0.685256 0.760077
1.0976 0.942768 0.854731 0.960461
1.0771 0.810642 0.947938 0.823609
0.812203 0.943883 0.949476 0.803221
0.892544 1.00191 0.926124 0.933314
1.00056 0.955919 0.892723 1.04216
0.855928 0.965916 1.19945 0.951002

0.845501 0.81802 0.861145 0.788763
0.799651 0.742878 0.731524 0.741607
1.00029 0.71023 0.723368 0.84602
0.801794 0.859591 0.767895 0.740183
0.744628 0.715636 0.838469 0.760904
0.720427 0.760352 0.801124 0.834437
1.01308 0.921323 0.754294 0.812987
0.963184 0.734529 0.792752 0.788684
0.797214 0.752473 0.685191 0.717731
0.970446 0.80122 0.842489 0.785289
0.864192 0.871895 0.7693 0.795287
0.774842 0.647312 0.767216 0.731118
1.0172 0.794948 0.799439 0.825875
0.824992 0.669025 0.729345 0.716298
0.840178 0.796284 0.840686 0.889665
0.718696 0.839778 0.783008 0.727339
0.776345 0.784296 0.785734 0.723394
0.722793 0.777363 0.709659 0.842609
0.786113 0.974523 0.709703 0.776161
0.865021 0.842796 0.937867 0.762345

0.659837 0.671445 0.746182 0.693731
0.715895 0.843839 0.653957 0.728266
0.88958 0.651275 0.710597 0.565088
0.716355 0.710508 0.784821 0.677631
0.746005 0.702088 0.792466 0.649692
0.659895 0.740178 0.659811 0.639465
0.689624 0.696318 0.600392 0.625475
0.659912 0.675673 0.648812 0.699144
0.684071 0.679933 0.72368 0.712194
0.839203 0.71473 0.595256 0.779127
0.790268 0.739673 0.691358 0.68477
0.861744 0.650842 0.752014 0.788195
0.729526 0.748499 0.822866 0.907481
0.690363 0.689685 0.65096 0.649689
0.788392 0.659494 0.701782 0.746358
0.774364 0.692852 0.752588 0.566009
0.620163 0.741433 0.686518 0.704738
0.77221 0.704568 0.678121 0.611581
0.607147 0.618676 0.78678 0.67115
0.750941 0.709903 0.735151 0.75795

0.669707 0.605389 0.620642 0.509632
0.677591 0.633936 0.617861 0.647811
0.742532 0.555608 0.613736 0.645257
0.614748 0.791902 0.62178 0.692777
0.621218 0.698679 0.603674 0.680797
0.677294 0.581543 0.620522 0.56324
0.66598 0.596831 0.767838 0.662421
0.67104 0.619181 0.64566 0.668248
0.663416 0.648925 0.60554 0.676974
0.678266 0.698519 0.589119 0.653267
0.70131 0.560303 0.62301 0.591063
0.641944 0.645503 0.658213 0.68304
0.711413 0.672944 0.596177 0.606938
0.638005 0.625485 0.586995 0.54343
0.722789 0.633458 0.57218 0.6171
0.631105 0.615847 0.630173 0.63653
0.596183 0.656841 0.646605 0.647874
0.667385 0.612998 0.567845 0.716689
0.605911 0.736093 0.556258 0.719345
0.608142 0.551878 0.668303 0.723211

0.611173 0.631814 0.576745 0.641711
0.729805 0.523192 0.485464 0.579402
0.705765 0.479267 0.466303 0.678057
0.63817 0.634779 0.580779 0.592816
0.556881 0.53349 0.670358 0.599678
0.622079 0.57289 0.621655 0.612241
0.570048 0.610723 0.558439 0.623689
0.621377 0.603405 0.596878 0.561359
0.69544 0.551557 0.609686 0.594349
0.625316 0.613299 0.512677 0.582156
0.611735 0.62699 0.618769 0.542917
0.769907 0.657862 0.602433 0.568532
0.573317 0.595813 0.508027 0.548453
0.577219 0.620525 0.587219 0.619254
0.624015 0.5395 0.576047 0.603881
0.56909 0.700855 0.622559 0.676705
0.623745 0.594257 0.534433 0.529688
0.62011 0.537999 0.570708 0.602993
0.692425 0.622437 0.615405 0.542282
0.693123 0.642876 0.571191 0.462733

0.531211 0.509519 0.541464 0.545701
0.524869 0.494363 0.526648 0.49216
0.56791 0.569012 0.602398 0.476225
0.60565 0.568178 0.479417 0.521721
0.607993 0.571217 0.505292 0.53978
0.534677 0.557949 0.539399 0.488638
0.507473 0.47303 0.566001 0.601118
0.566225 0.533302 0.521283 0.457636
0.579659 0.541699 0.559239 0.505688
0.493519 0.416948 0.600193 0.574754
0.566726 0.547064 0.571727 0.458416
0.573608 0.594115 0.494376 0.535305
0.534108 0.506996 0.531651 0.553848
0.538643 0.535847 0.537626 0.65015
0.543159 0.5528 0.582656 0.581726
0.589775 0.554699 0.542922 0.536144
0.532631 0.55814 0.498309 0.552038
0.6383 0.515877 0.449285 0.519689
0.586069 0.627083 0.579205 0.510395
0.604295 0.460618 0.559963 0.496558

0.512911 0.542155 0.515708 0.533339
0.532561 0.44028 0.44966 0.557744
0.48939 0.567999 0.521982 0.495807
0.557645 0.520107 0.450116 0.576456
0.488408 0.445278 0.532638 0.481714
0.485841 0.464592 0.541629 0.459428
0.61464 0.496408 0.479542 0.516664
0.520538 0.458341 0.525707 0.470289
0.463421 0.506467 0.561799 0.477233
0.550881 0.469364 0.453009 0.52385
0.637852 0.51781 0.496447 0.474236
0.478686 0.560014 0.496337 0.487216
0.530697 0.596377 0.476289 0.494001
0.507916 0.510629 0.517157 0.561411
0.482007 0.477694 0.577731 0.536127
0.574187 0.538142 0.56401 0.464609
0.521703 0.489282 0.493006 0.477346
0.564634 0.47472 0.534409 0.467862
0.560813 0.586485 0.509723 0.456944
0.602317 0.502313 0.494855 0.504601

0.514776 0.504792 0.54642 0.463671
0.540769 0.525008 0.453917 0.475778
0.468066 0.514338 0.444082 0.466964
0.499433 0.519521 0.518002 0.468793
0.479072 0.468902 0.424411 0.457123
0.527726 0.432046 0.488149 0.440267
0.45197 0.606911 0.60006 0.489775
0.508323 0.473904 0.463392 0.459916
0.553571 0.461635 0.446891 0.465872
0.568982 0.464422 0.426886 0.422988
0.509198 0.539532 0.486026 0.474903
0.50781 0.494592 0.467223 0.443497
0.428435 0.506902 0.426741 0.454789
0.436369 0.418236 0.482971 0.497206
0.48155 0.469103 0.510085 0.450389
0.494066 0.414007 0.442865 0.429071
0.572892 0.53965 0.477396 0.512245
0.481506 0.45031 0.514652 0.488542
0.614046 0.481854 0.463817 0.461615
0.502348 0.475673 0.547763 0.40063

