1.16981 3.17798 1.31429 2.95722
1.16981 3.17798 1.31429 2.95722
1.16981 3.17798 1.31429 2.95722
1.16981 3.17798 1.31429 2.95722
1.16981 3.17798 1.31429 2.95722
1.16981 3.17798 1.31429 2.95722
1.16981 3.17798 1.31429 2.95722
1.16981 3.17798 1.31429 2.95722
1.16981 3.17798 1.31429 2.95722
1.16981 3.17798 1.31429 2.95722
1.16981 3.17798 1.31429 2.95722
1.16981 3.17798 1.31429 2.95722
1.16981 3.17798 1.31429 2.95722
1.16981 3.17798 1.31429 2.95722
1.16981 3.17798 1.31429 2.95722
1.16981 3.17798 1.31429 2.95722
1.16981 3.17798 1.31429 2.95722
1.16981 3.17798 1.31429 2.95722
1.16981 3.17798 1.31429 2.95722
1.16981 3.17798 1.31429 2.95722

1.28649 1.61211 1.73311 1.53797
1.35074 1.39921 1.47073 1.01153
1.33384 1.2805 1.61114 1.44823
1.67449 1.65161 1.3902 1.33436
2.14342 1.21691 1.48035 1.24995
1.62474 1.66388 1.51713 1.2953
1.34204 1.77339 1.42363 1.08497
1.47026 1.51 1.36875 1.26453
1.70399 1.88026 1.23568 1.50518
1.44094 1.30054 1.48933 1.67421
1.50258 1.31678 1.39287 1.54478
1.72698 1.24587 1.21773 1.43816
1.6735 1.18088 1.34415 1.38838
1.82736 1.70661 1.5607 1.60239
1.97324 1.19616 1.58813 1.75226
1.35833 1.25055 1.32749 1.50957
1.51346 1.27724 1.31392 1.27605
1.66736 1.6477 1.52027 1.41952
1.66736 1.42791 1.56475 1.71007
1.2399 1.1349 1.47185 1.7382

1.02775 1.07293 0.949437 0.966982
1.0643 1.18141 1.00041 0.938804
1.21097 0.977407 0.864398 1.10288
1.14673 0.943526 1.07399 1.16665
1.31381 0.938123 1.10529 1.09835
0.907324 0.957914 0.824956 1.11536
0.914964 1.04859 1.13615 1.04385
1.11142 1.04745 1.04228 0.900258
1.28586 0.949159 1.13543 0.847294
0.983347 1.03766 0.9714 0.978856
1.02014 1.08132 1.12784 1.15165
1.28699 0.754454 1.36486 1.20565
1.17228 0.934347 1.11847 0.811909
0.898526 1.14603 1.02792 0.834636
1.11032 1.01093 0.912812 0.921455
1.28603 1.00495 1.16553 0.900121
1.08314 1.15644 0.892241 1.09035
1.19182 1.05517 1.05424 0.95857
1.02535 0.830341 0.913206 0.993708
1.14352 1.00366 1.08722 0.963957

0.888366 0.705423 0.86947 0.808122
0.834101 0.856639 0.833847 0.837321
0.747962 0.843215 0.791266 0.879909
0.797532 0.876329 0.880137 0.910437
0.884823 0.861007 0.82075 0.847955
0.852124 0.774158 0.817293 0.919497
0.934693 0.892327 0.79912 0.906307
0.98407 0.845432 0.793475 0.643516
0.85608 0.860486 0.805154 0.952932
0.934666 0.820778 0.826794 0.748242
0.866384 0.795803 0.936457 0.789194
0.846614 0.919403 0.951434 0.835937
0.824209 0.800304 0.832431 0.617712
0.871421 0.695968 0.850401 0.807173
0.933217 0.862674 0.976947 0.878661
0.884967 0.767989 0.654571 0.801048
1.05412 0.773559 0.74297 0.664504
0.869644 0.884558 0.826429 0.933366
0.623617 0.855736 0.803232 0.924415
0.722847 0.864772 0.776652 0.745809

0.905898 0.727549 0.786349 0.684338
0.634758 0.6902 0.697119 0.758806
0.865753 0.604494 0.783188 0.705878
0.769426 0.674953 0.689103 0.682748
0.625354 0.711107 0.685347 0.826517
0.710754 0.732877 0.79306 0.649299
0.749422 0.573622 0.725676 0.686921
0.787731 0.713246 0.685452 0.696552
0.783733 0.810661 0.694139 0.728859
0.742507 0.738778 0.695819 0.780466
0.706749 0.684464 0.626508 0.603715
0.806782 0.692933 0.613331 0.794151
0.753781 0.688825 0.670339 0.557641
0.679888 0.679973 0.678956 0.706918
0.737291 0.784161 0.705423 0.723306
0.640829 0.742052 0.744765 0.653376
0.801098 0.721438 0.787624 0.606185
0.727015 0.698545 0.740742 0.677022
0.846035 0.7585 0.531635 0.736701
0.662894 0.801523 0.713567 0.750851

0.627649 0.517122 0.765129 0.685286
0.732635 0.610727 0.713476 0.561473
0.627958 0.603725 0.563053 0.559071
0.575024 0.678934 0.57333 0.649632
0.632885 0.575582 0.66213 0.647296
0.688009 0.656975 0.663165 0.581255
0.556601 0.713147 0.717384 0.74332
0.573477 0.575255 0.645945 0.63587
0.590709 0.646266 0.666167 0.573264
0.644066 0.620381 0.550933 0.604055
0.648008 0.637837 0.548328 0.60995
0.575001 0.666259 0.778445 0.667953
0.715729 0.568296 0.694885 0.694546
0.614295 0.572856 0.625057 0.650395
0.638262 0.639873 0.613502 0.652677
0.64244 0.688704 0.627612 0.64727
0.650935 0.582884 0.642037 0.509579
0.618614 0.614884 0.713746 0.5886
0.690497 0.562697 0.7246 0.589034
0.782556 0.588591 0.650195 0.64206

0.641711 0.688516 0.506806 0.540215
0.610434 0.690892 0.478174 0.548289
0.570598 0.569835 0.561362 0.552295
0.614838 0.647537 0.589086 0.619159
0.687722 0.521154 0.532888 0.432677
0.611633 0.496895 0.510274 0.626791
0.606939 0.57475 0.619105 0.539605
0.63443 0.548919 0.544936 0.528834
0.546521 0.562623 0.526267 0.536945
0.494964 0.672243 0.555016 0.568887
0.496168 0.550327 0.625675 0.553378
0.609651 0.572453 0.617361 0.593975
0.640235 0.513593 0.656732 0.620101
0.5905 0.499081 0.493325 0.514487
0.495208 0.644007 0.631805 0.741031
0.637044 0.594337 0.512313 0.568832
0.719214 0.537929 0.518191 0.620185
0.580495 0.558889 0.612778 0.495002
0.644378 0.489152 0.577695 0.571933
0.634532 0.548359 0.61014 0.465054

0.518468 0.52169 0.454709 0.488793
0.584174 0.485358 0.466035 0.552648
0.520229 0.516005 0.493533 0.521581
0.439423 0.51153 0.51009 0.519241
0.496935 0.509988 0.466677 0.516938
0.51834 0.622058 0.500884 0.507578
0.548465 0.630451 0.474789 0.534561
0.627686 0.531979 0.518089 0.469643
0.473565 0.488644 0.587084 0.544048
0.640006 0.542568 0.608968 0.568348
0.466533 0.456877 0.508714 0.427401
0.502894 0.494926 0.55765 0.477889
0.527626 0.450436 0.604139 0.583973
0.657515 0.549313 0.569225 0.464837
0.605509 0.448074 0.488323 0.527809
0.455301 0.556873 0.490174 0.46842
0.583895 0.583895 0.5489 0.556103
0.550888 0.493882 0.406558 0.57749
0.503092 0.520043 0.5653 0.572589
0.462489 0.446044 0.465032 0.558868

0.421204 0.500698 0.495359 0.567056
0.454876 0.532496 0.46352 0.467672
0.540561 0.606595 0.52115 0.412903
0.557491 0.446705 0.571985 0.430176
0.506945 0.46384 0.528243 0.556472
0.489877 0.484284 0.472336 0.427424
0.454869 0.462405 0.498899 0.459864
0.468651 0.515761 0.505612 0.400058
0.461851 0.421768 0.480664 0.417107
0.43203 0.551095 0.488469 0.526519
0.552818 0.572074 0.445598 0.462733
0.484301 0.463178 0.574222 0.449097
0.460884 0.545043 0.523262 0.523685
0.458936 0.589854 0.466647 0.43987
0.483538 0.437245 0.390104 0.554928
0.594565 0.462554 0.475602 0.405699
0.467879 0.537285 0.467455 0.432032
0.420008 0.517721 0.471364 0.505687
0.452746 0.445549 0.486107 0.493219
0.51034 0.424592 0.43459 0.501612

0.475576 0.421249 0.465845 0.433435
0.597217 0.435829 0.532848 0.464578
0.452801 0.439493 0.392959 0.39423
0.532544 0.423985 0.475341 0.471866
0.445787 0.514168 0.455278 0.445703
0.500411 0.476255 0.515244 0.511684
0.458442 0.450391 0.459375 0.494717
0.437894 0.470217 0.518702 0.527841
0.530125 0.377622 0.465975 0.393532
0.515085 0.464331 0.449842 0.443995
0.438076 0.406132 0.518404 0.399014
0.437124 0.469817 0.392234 0.426875
0.433141 0.388979 0.507562 0.519259
0.461851 0.477104 0.457953 0.422191
0.515073 0.493025 0.504134 0.44435
0.476459 0.482647 0.464505 0.452381
0.448727 0.522144 0.470515 0.433637
0.4323 0.439148 0.422072 0.407617
0.500318 0.428615 0.478451 0.47201
0.509003 0.45579 0.536627 0.443673

0.482084 0.441649 0.535912 0.418846
0.424476 0.386327 0.445586 0.392516
0.463538 0.449715 0.361096 0.425037
0.373685 0.441127 0.409564 0.493507
0.396087 0.423114 0.458275 0.458698
0.360643 0.448769 0.385386 0.429957
0.408696 0.401825 0.403606 0.430072
0.473549 0.452533 0.507786 0.429483
0.470415 0.450059 0.402983 0.512656
0.426178 0.424398 0.414396 0.444571
0.471822 0.407164 0.418758 0.461751
0.348671 0.399352 0.478256 0.441728
0.512457 0.414593 0.434928 0.43586
0.405751 0.361779 0.444301 0.445233
0.483798 0.377663 0.424796 0.378596
0.484417 0.437281 0.398369 0.42626
0.394283 0.449035 0.453866 0.38674
0.472893 0.405567 0.458448 0.403286
0.421918 0.466935 0.44578 0.418279
0.457993 0.404579 0.396381 0.435935

