0 1
0.10000000000000001 1
0.20000000000000001 1
0.30000000000000004 1
0.40000000000000002 1
0.5 1
0.59999999999999998 1
0.69999999999999996 1
0.79999999999999993 1
0.89999999999999991 1
0.99999999999999989 1
1.0999999999999999 1
1.2 2
1.3 2
1.4000000000000001 4
1.5000000000000002 4
1.6000000000000003 8
1.7000000000000004 8
1.8000000000000005 16
1.9000000000000006 16
2.0000000000000004 32
2.1000000000000005 32
2.2000000000000006 64
2.3000000000000007 64
2.4000000000000008 82
2.5000000000000009 42.5
2.600000000000001 42.5
2.7000000000000011 42.5
2.8000000000000012 42.5
2.9000000000000012 42.5
3.0000000000000013 1
3.1000000000000014 2
3.2000000000000015 2
3.3000000000000016 4
3.4000000000000017 4
3.5000000000000018 7
3.6000000000000019 10
3.700000000000002 11
3.800000000000002 17
3.9000000000000021 17
4.0000000000000018 21.1425
4.1000000000000014 21.1425
4.2000000000000011 21.6571
4.3000000000000007 21.6571
4.4000000000000004 22.2499
4.5 22.2499
4.5999999999999996 23.2185
4.6999999999999993 23.2185
4.7999999999999989 24.1897
4.8999999999999986 24.1897
4.9999999999999982 25.1631
5.0999999999999979 25.1631
5.1999999999999975 26.1385
5.2999999999999972 26.1385
5.3999999999999968 27.1156
5.4999999999999964 27.1525
5.5999999999999961 28.0943
5.6999999999999957 28.3778
5.7999999999999954 29.0745
5.899999999999995 29.5185
5.9999999999999947 30.0559
6.0999999999999943 30.6166
6.199999999999994 31.0385
6.2999999999999936 31.7082
6.3999999999999932 32.0222
6.4999999999999929 32.7329
6.5999999999999925 33.0069
6.6999999999999922 33.9335
6.7999999999999918 33.9924
6.8999999999999915 34.9501
6.9999999999999911 34.9501
7.0999999999999908 35.9101
7.1999999999999904 35.9101
7.2999999999999901 36.8723
7.3999999999999897 36.8723
7.4999999999999893 37.8363
7.599999999999989 37.9156
7.6999999999999886 38.8022
7.7999999999999883 39.0592
7.8999999999999879 39.7698
7.9999999999999876 40.1204
8.0999999999999872 40.739
8.1999999999999869 41.1786
8.2999999999999865 41.7096
8.3999999999999861 42.2339
8.4999999999999858 42.6815
8.5999999999999854 43.2865
8.6999999999999851 43.6547
8.7999999999999847 44.3142
8.8999999999999844 44.6291
8.999999999999984 45.4288
9.0999999999999837 45.6046
9.1999999999999833 46.5166
9.2999999999999829 46.5811
9.3999999999999826 47.5586
9.4999999999999822 47.5586
9.5999999999999819 48.537
9.6999999999999815 48.5988
9.7999999999999812 49.5162
9.8999999999999808 49.6776
9.9999999999999805 50.4963
10.09999999999998 50.7532
10.19999999999998 51.4772
10.299999999999979 51.8257
10.399999999999979 52.4587
10.499999999999979 52.8576
10.599999999999978 53.4409
10.699999999999978 53.8511
10.799999999999978 54.4238
10.899999999999977 54.8449
10.999999999999977 55.4073
11.099999999999977 55.8389
11.199999999999976 56.3914
11.299999999999976 56.8331
11.399999999999975 57.376
11.499999999999975 57.8274
11.599999999999975 58.3611
11.699999999999974 58.839
11.799999999999974 59.3636
11.899999999999974 59.8168
11.999999999999973 60.3495
12.099999999999973 60.7623
12.199999999999973 61.3357
12.299999999999972 61.6934
12.399999999999972 62.3064
12.499999999999972 62.6106
12.599999999999971 63.2938
12.699999999999971 63.5146
12.799999999999971 64.2816
12.89999999999997 64.4525
12.99999999999997 65.2697
13.099999999999969 65.3769
13.199999999999969 66.0768
13.299999999999969 66.3186
13.399999999999968 66.7245
13.499999999999968 67.2768
13.599999999999968 67.5142
13.699999999999967 68.2509
13.799999999999967 68.3972
13.899999999999967 69.2257
13.999999999999966 69.3123
14.099999999999966 69.9443
14.199999999999966 70.2582
14.299999999999965 70.924
14.399999999999965 71.2476
14.499999999999964 71.9877
14.599999999999964 72.2512
14.699999999999964 73.0496
14.799999999999963 73.2547
14.899999999999963 74.0963
14.999999999999963 74.2581
15.099999999999962 75.1151
15.199999999999962 75.2614
15.299999999999962 76.1202
15.399999999999961 76.2646
15.499999999999961 77.1512
15.599999999999961 77.2677
15.69999999999996 78.1429
15.79999999999996 78.2708
15.899999999999959 79.1349
15.999999999999959 79.2864
16.099999999999959 80.127
16.19999999999996 80.314
16.299999999999962 81.1317
16.399999999999963 81.4024
16.499999999999964 82.1241
16.599999999999966 82.4643
16.699999999999967 83.1166
16.799999999999969 83.5008
16.89999999999997 84.1213
16.999999999999972 84.5245
17.099999999999973 85.114
17.199999999999974 85.4892
17.299999999999976 86.0954
17.399999999999977 86.4431
17.499999999999979 87.0771
17.59999999999998 87.3638
17.699999999999982 88.0706
17.799999999999983 88.2974
17.899999999999984 89.0418
17.999999999999986 89.2438
18.099999999999987 89.947
18.199999999999989 90.1469
18.29999999999999 90.8211
18.399999999999991 91.0849
18.499999999999993 91.6432
18.599999999999994 92.0569
18.699999999999996 92.4147
18.799999999999997 93.0403
18.899999999999999 93.2764
19 93.9175
19.100000000000001 94.1621
19.200000000000003 94.7339
19.300000000000004 95.1972
19.400000000000006 95.7628
19.500000000000007 96.2316
19.600000000000009 96.7808
19.70000000000001 97.255
19.800000000000011 97.8189
19.900000000000013 98.2779
20.000000000000014 98.8562
20.100000000000016 99.3104
20.200000000000017 99.8827
20.300000000000018 100.342
20.40000000000002 100.909
20.500000000000021 101.364
20.600000000000023 101.954
20.700000000000024 102.365
20.800000000000026 102.969
20.900000000000027 103.386
21.000000000000028 104.041
21.10000000000003 104.416
21.200000000000031 105.093
21.300000000000033 105.445
21.400000000000034 106.125
21.500000000000036 106.492
21.600000000000037 107.148
21.700000000000038 107.52
21.80000000000004 108.179
21.900000000000041 108.548
22.000000000000043 109.191
22.100000000000044 109.566
22.200000000000045 110.203
22.300000000000047 110.574
22.400000000000048 111.206
22.50000000000005 111.556
22.600000000000051 112.199
22.700000000000053 112.537
22.800000000000054 113.193
22.900000000000055 113.502
23.000000000000057 114.17
23.100000000000058 114.45
23.20000000000006 115.138
23.300000000000061 115.398
23.400000000000063 116.003
23.500000000000064 116.322
23.600000000000065 116.862
23.700000000000067 117.246
23.800000000000068 117.706
23.90000000000007 118.206
24.000000000000071 118.595
24.100000000000072 119.167
24.200000000000074 119.443
24.300000000000075 120.078
24.400000000000077 120.319
24.500000000000078 120.858
24.60000000000008 121.214
24.700000000000081 121.634
24.800000000000082 122.183
24.900000000000084 122.657
25.000000000000085 123.178
25.100000000000087 123.721
25.200000000000088 124.18
25.30000000000009 124.775
25.400000000000091 125.183
25.500000000000092 125.82
25.600000000000094 126.193
25.700000000000095 126.865
25.800000000000097 127.212
25.900000000000098 127.902
26.000000000000099 128.269
26.100000000000101 128.937
26.200000000000102 129.278
26.300000000000104 129.942
26.400000000000105 130.272
26.500000000000107 130.923
26.600000000000108 131.251
26.700000000000109 131.882
26.800000000000111 132.215
26.900000000000112 132.804
27.000000000000114 133.172
27.100000000000115 133.727
27.200000000000117 134.137
27.300000000000118 134.643
27.400000000000119 135.118
27.500000000000121 135.547
27.600000000000122 136.011
27.700000000000124 136.414
27.800000000000125 136.927
27.900000000000126 137.262
28.000000000000128 137.822
28.100000000000129 138.17
28.200000000000131 138.639
28.300000000000132 139.115
28.400000000000134 139.488
28.500000000000135 139.932
28.600000000000136 140.31
28.700000000000138 140.915
28.800000000000139 141.318
28.900000000000141 141.947
29.000000000000142 142.355
29.100000000000144 143
29.200000000000145 143.405
29.300000000000146 144.038
29.400000000000148 144.454
29.500000000000149 145.083
29.600000000000151 145.516
29.700000000000152 146.099
29.800000000000153 146.571
29.900000000000155 147.102
30.000000000000156 147.577
30.100000000000158 148.105
30.200000000000159 148.57
30.300000000000161 149.101
30.400000000000162 149.543
30.500000000000163 150.057
30.600000000000165 150.482
30.700000000000166 150.98
30.800000000000168 151.397
30.900000000000169 151.885
31.000000000000171 152.338
31.100000000000172 152.764
31.200000000000173 153.268
31.300000000000175 153.698
31.400000000000176 154.198
31.500000000000178 154.645
31.600000000000179 155.142
31.70000000000018 155.56
31.800000000000182 156.042
31.900000000000183 156.445
32.000000000000185 156.834
32.100000000000186 157.305
32.200000000000188 157.661
32.300000000000189 158.193
32.40000000000019 158.584
32.500000000000192 159.126
32.600000000000193 159.496
32.700000000000195 160.116
32.800000000000196 160.527
32.900000000000198 161.149
33.000000000000199 161.558
33.1000000000002 162.182
33.200000000000202 162.589
33.300000000000203 163.202
33.400000000000205 163.6
33.500000000000206 164.223
33.600000000000207 164.612
33.700000000000209 165.255
33.80000000000021 165.641
33.900000000000212 166.28
34.000000000000213 166.653
34.100000000000215 167.293
34.200000000000216 167.658
34.300000000000217 168.295
34.400000000000219 168.639
34.50000000000022 169.278
34.600000000000222 169.609
34.700000000000223 170.256
34.800000000000225 170.549
34.900000000000226 171.222
35.000000000000227 171.491
35.100000000000229 172.143
35.20000000000023 172.427
35.300000000000232 173.035
35.400000000000233 173.376
35.500000000000234 173.9
35.600000000000236 174.325
35.700000000000237 174.743
35.800000000000239 175.292
35.90000000000024 175.588
36.000000000000242 176.225
36.100000000000243 176.434
36.200000000000244 177.051
36.300000000000246 177.367
36.400000000000247 177.84
36.500000000000249 89.0774
36.60000000000025 89.0774
36.700000000000252 89.0886
36.800000000000253 89.4136
36.900000000000254 90.0822
37.000000000000256 90.5251
37.100000000000257 91.0758
37.200000000000259 91.6123
37.30000000000026 92.0696
37.400000000000261 92.6867
37.500000000000263 93.0636
37.600000000000264 93.7701
37.700000000000266 94.0576
37.800000000000267 94.8412
37.900000000000269 95.0518
38.00000000000027 95.8585
38.100000000000271 96.0461
38.200000000000273 96.8755
38.300000000000274 97.0509
38.400000000000276 97.8922
38.500000000000277 98.1269
38.600000000000279 98.9489
38.70000000000028 99.171
38.800000000000281 100.005
38.900000000000283 100.204
39.000000000000284 101.019
39.100000000000286 101.257
39.200000000000287 102.014
39.300000000000288 102.328
39.40000000000029 103.009
39.500000000000291 103.378
39.600000000000293 104.005
39.700000000000294 104.436
39.800000000000296 105
39.900000000000297 105.484
40.000000000000298 105.986
40.1000000000003 106.532
40.200000000000301 106.972
40.300000000000303 107.55
40.400000000000304 107.986
40.500000000000306 108.559
40.600000000000307 109.046
40.700000000000308 109.622
40.80000000000031 110.104
40.900000000000311 110.675
41.000000000000313 111.153
41.100000000000314 111.718
41.200000000000315 112.192
41.300000000000317 112.743
41.400000000000318 113.23
41.50000000000032 113.785
41.600000000000321 114.25
41.700000000000323 114.8
41.800000000000324 115.269
41.900000000000325 115.806
42.000000000000327 116.289
42.100000000000328 116.812
42.20000000000033 117.29
42.300000000000331 117.801
42.400000000000333 118.258
42.500000000000334 118.773
42.600000000000335 119.219
42.700000000000337 119.729
42.800000000000338 120.171
42.90000000000034 120.661
43.000000000000341 121.108
43.100000000000342 121.569
43.200000000000344 122.005
43.300000000000345 122.471
43.400000000000347 122.895
43.500000000000348 123.398
43.60000000000035 123.819
43.700000000000351 124.278
43.800000000000352 124.76
43.900000000000354 125.176
44.000000000000355 125.615
44.100000000000357 126.004
44.200000000000358 126.44
44.30000000000036 126.859
44.400000000000361 127.347
44.500000000000362 127.793
44.600000000000364 128.324
44.700000000000365 128.814
44.800000000000367 129.349
44.900000000000368 129.827
45.000000000000369 130.366
45.100000000000371 130.856
45.200000000000372 131.382
45.300000000000374 131.868
45.400000000000375 132.39
45.500000000000377 132.88
45.600000000000378 133.384
45.700000000000379 133.907
45.800000000000381 134.377
45.900000000000382 134.941
46.000000000000384 135.4
46.100000000000385 135.96
46.200000000000387 136.408
46.300000000000388 136.957
46.400000000000389 137.387
46.500000000000391 137.932
46.600000000000392 138.352
46.700000000000394 138.893
46.800000000000395 139.331
46.900000000000396 139.833
47.000000000000398 140.29
47.100000000000399 140.767
47.200000000000401 141.249
47.300000000000402 141.729
47.400000000000404 142.194
47.500000000000405 142.609
47.600000000000406 143.078
47.700000000000408 143.483
47.800000000000409 143.949
47.900000000000411 144.31
48.000000000000412 144.815
48.100000000000414 145.242
48.200000000000415 72.7758
48.300000000000416 72.7758
48.400000000000418 72.7758
48.500000000000419 72.7758
48.600000000000421 72.8033
48.700000000000422 73.0775
48.800000000000423 73.7857
48.900000000000425 74.1103
49.000000000000426 74.7686
49.100000000000428 75.1289
49.200000000000429 75.752
49.300000000000431 76.147
49.400000000000432 76.7357
49.500000000000433 77.1776
49.600000000000435 77.7199
49.700000000000436 78.2457
49.800000000000438 78.7045
49.900000000000439 79.2995
50.000000000000441 79.6895
50.100000000000442 80.3145
50.200000000000443 80.7615
50.300000000000445 81.3537
50.400000000000446 81.8195
50.500000000000448 82.4405
50.600000000000449 82.852
50.70000000000045 83.5252
50.800000000000452 83.8955
50.900000000000453 84.6196
51.000000000000455 84.9145
51.100000000000456 85.6065
51.200000000000458 85.9447
51.300000000000459 86.5938
51.40000000000046 86.9626
51.500000000000462 87.5814
51.600000000000463 87.9574
51.700000000000465 88.5693
51.800000000000466 88.9636
51.900000000000468 89.5574
52.000000000000469 89.9474
52.10000000000047 90.5458
52.200000000000472 90.9535
52.300000000000473 91.5453
52.400000000000475 91.9378
52.500000000000476 92.5449
52.600000000000477 92.9008
52.700000000000479 93.5338
52.80000000000048 93.8753
52.900000000000482 94.5123
53.000000000000483 94.8503
53.100000000000485 95.4913
53.200000000000486 95.7945
53.300000000000487 96.4811
53.400000000000489 96.7192
53.50000000000049 97.4095
53.600000000000492 97.6453
53.700000000000493 98.2274
53.800000000000495 98.5932
53.900000000000496 98.9678
54.000000000000497 99.522
54.100000000000499 99.793
54.2000000000005 100.472
54.300000000000502 100.701
54.400000000000503 101.433
54.500000000000504 101.61
54.600000000000506 102.16
54.700000000000507 102.541
54.800000000000509 102.979
54.90000000000051 103.512
55.000000000000512 103.869
55.100000000000513 104.483
55.200000000000514 104.731
55.300000000000516 105.455
55.400000000000517 105.748
55.500000000000519 106.455
55.60000000000052 106.774
55.700000000000522 107.446
55.800000000000523 107.744
55.900000000000524 108.428
56.000000000000526 108.668
56.100000000000527 109.411
56.200000000000529 109.584
56.30000000000053 110.375
56.400000000000531 110.566
56.500000000000533 111.26
56.600000000000534 111.502
56.700000000000536 112.057
56.800000000000537 112.449
56.900000000000539 112.848
57.00000000000054 113.405
57.100000000000541 113.661
57.200000000000543 114.354
57.300000000000544 114.528
57.400000000000546 115.208
57.500000000000547 115.45
57.600000000000549 115.926
57.70000000000055 116.416
57.800000000000551 116.991
57.900000000000553 117.443
58.000000000000554 118.063
58.100000000000556 118.46
58.200000000000557 119.134
58.300000000000558 119.477
58.40000000000056 120.187
58.500000000000561 120.502
58.600000000000563 121.239
58.700000000000564 121.56
58.800000000000566 122.282
58.900000000000567 122.617
59.000000000000568 123.3
59.10000000000057 123.664
59.200000000000571 124.301
59.300000000000573 124.711
59.400000000000574 125.303
59.500000000000576 125.741
59.600000000000577 126.297
59.700000000000578 126.771
59.80000000000058 127.298
59.900000000000581 127.8
60.000000000000583 128.3
60.100000000000584 128.821
60.200000000000585 129.294
60.300000000000587 129.819
60.400000000000588 130.288
60.50000000000059 130.793
60.600000000000591 131.282
60.700000000000593 131.753
60.800000000000594 132.268
60.900000000000595 132.691
61.000000000000597 133.255
61.100000000000598 133.585
61.2000000000006 134.175
61.300000000000601 134.443
61.400000000000603 135.074
61.500000000000604 135.311
61.600000000000605 135.952
61.700000000000607 136.29
61.800000000000608 136.825
61.90000000000061 137.255
62.000000000000611 137.684
62.100000000000612 138.206
62.200000000000614 138.459
62.300000000000615 139.029
62.400000000000617 139.287
62.500000000000618 139.861
62.60000000000062 140.282
62.700000000000621 140.886
62.800000000000622 141.305
62.900000000000624 141.919
63.000000000000625 142.334
63.100000000000627 142.951
63.200000000000628 143.363
63.30000000000063 144.003
63.400000000000631 144.392
63.500000000000632 145.035
63.600000000000634 145.399
63.700000000000635 146.031
63.800000000000637 146.393
63.900000000000638 147.014
64.000000000000639 147.381
64.100000000000634 147.976
64.200000000000628 148.334
64.300000000000622 148.926
64.400000000000617 149.248
64.500000000000611 149.863
64.600000000000605 150.21
64.7000000000006 150.781
64.800000000000594 151.172
64.900000000000588 151.668
65.000000000000583 152.135
65.100000000000577 152.529
65.200000000000571 153.052
65.300000000000566 153.418
65.40000000000056 153.939
65.500000000000554 154.25
65.600000000000549 154.832
65.700000000000543 155.155
65.800000000000537 155.683
65.900000000000531 77.9953
66.000000000000526 77.9953
66.10000000000052 77.9953
66.200000000000514 78.0978
66.300000000000509 79.0018
66.400000000000503 79.1788
66.500000000000497 79.9956
66.600000000000492 80.2951
66.700000000000486 80.9772
66.80000000000048 81.396
66.900000000000475 81.9593
67.000000000000469 82.4823
67.100000000000463 82.9417
67.200000000000458 83.5065
67.300000000000452 83.9246
67.400000000000446 84.5183
67.500000000000441 84.9079
67.600000000000435 85.5299
67.700000000000429 85.8916
67.800000000000423 86.5527
67.900000000000418 86.8756
68.000000000000412 87.575
68.100000000000406 87.8714
68.200000000000401 88.5855
68.300000000000395 88.9461
68.400000000000389 89.5846
68.500000000000384 90.019
68.600000000000378 90.5948
68.700000000000372 91.1012
68.800000000000367 91.6266
68.900000000000361 92.1815
69.000000000000355 92.6469
69.10000000000035 93.2279
69.200000000000344 93.656
69.300000000000338 94.2521
69.400000000000333 94.6756
69.500000000000327 95.2863
69.600000000000321 95.6842
69.700000000000315 96.3093
69.80000000000031 96.7134
69.900000000000304 97.3113
70.000000000000298 97.7215
70.100000000000293 98.3133
70.200000000000287 98.7092
70.300000000000281 99.3051
70.400000000000276 99.7072
70.50000000000027 100.287
70.600000000000264 100.695
70.700000000000259 101.279
70.800000000000253 101.674
70.900000000000247 102.243
71.000000000000242 102.643
71.100000000000236 103.206
71.20000000000023 103.574
71.300000000000225 104.142
71.400000000000219 104.497
71.500000000000213 105.041
71.600000000000207 105.373
71.700000000000202 105.866
71.800000000000196 106.271
71.90000000000019 106.703
72.000000000000185 107.217
72.100000000000179 107.618
72.200000000000173 108.137
72.300000000000168 108.506
72.400000000000162 108.984
72.500000000000156 109.305
72.600000000000151 109.771
72.700000000000145 54.9991
72.800000000000139 54.9991
72.900000000000134 55.0173
73.000000000000128 55.614
73.100000000000122 56.0082
73.200000000000117 56.6827
73.300000000000111 56.9995
73.400000000000105 57.6971
73.500000000000099 58.0599
73.600000000000094 58.6939
73.700000000000088 59.1014
73.800000000000082 59.741
73.900000000000077 60.1248
74.000000000000071 60.7865
74.100000000000065 61.1638
74.20000000000006 61.8468
74.300000000000054 62.2015
74.400000000000048 62.8414
74.500000000000043 63.2222
74.600000000000037 63.8361
74.700000000000031 64.2733
74.800000000000026 64.8156
74.90000000000002 65.3075
75.000000000000014 65.7958
75.100000000000009 66.3407
75.200000000000003 66.7765
75.299999999999997 67.3432
75.399999999999991 67.7725
75.499999999999986 68.3456
75.59999999999998 68.8268
75.699999999999974 69.3624
75.799999999999969 69.8938
75.899999999999963 70.3928
75.999999999999957 70.9588
76.099999999999952 71.4084
76.199999999999946 71.9804
76.29999999999994 72.396
76.399999999999935 72.9602
76.499999999999929 73.3839
76.599999999999923 73.927
76.699999999999918 74.3586
76.799999999999912 74.8546
76.899999999999906 75.3208
76.999999999999901 75.7577
77.099999999999895 76.2708
77.199999999999889 76.6762
77.299999999999883 77.2091
77.399999999999878 77.6096
77.499999999999872 78.1489
77.599999999999866 78.5574
77.699999999999861 79.1029
77.799999999999855 79.4309
77.899999999999849 79.9705
77.999999999999844 80.3572
78.099999999999838 80.7297
78.199999999999832 81.2237
78.299999999999827 81.6168
78.399999999999821 82.1298
78.499999999999815 82.5185
78.59999999999981 83.0501
78.699999999999804 83.5184
78.799999999999798 84.0793
78.899999999999793 84.5301
78.999999999999787 85.1078
79.099999999999781 85.5415
79.199999999999775 86.1357
79.29999999999977 86.5526
79.399999999999764 87.1629
79.499999999999758 87.5635
79.599999999999753 88.2234
79.699999999999747 88.5854
79.799999999999741 89.2714
79.899999999999736 89.6069
79.99999999999973 90.2962
80.099999999999724 90.6278
80.199999999999719 91.2985
80.299999999999713 91.6483
80.399999999999707 92.3332
80.499999999999702 92.6792
80.599999999999696 93.3779
80.69999999999969 93.7307
80.799999999999685 94.411
80.899999999999679 94.7599
80.999999999999673 95.412
81.099999999999667 95.7886
81.199999999999662 96.413
81.299999999999656 96.7754
81.39999999999965 97.4242
81.499999999999645 97.7726
81.599999999999639 98.4352
81.699999999999633 98.78
81.799999999999628 99.4459
81.899999999999622 99.8273
81.999999999999616 100.447
82.099999999999611 100.874
82.199999999999605 101.447
82.299999999999599 101.87
82.399999999999594 102.448
82.499999999999588 102.847
82.599999999999582 103.429
82.699999999999577 103.805
82.799999999999571 104.41
82.899999999999565 104.745
82.999999999999559 105.383
83.099999999999554 105.648
83.199999999999548 106.262
83.299999999999542 106.591
83.399999999999537 107.087
83.499999999999531 107.534
83.599999999999525 107.97
83.69999999999952 108.478
83.799999999999514 108.874
83.899999999999508 109.424
83.999999999999503 109.771
84.099999999999497 110.352
84.199999999999491 110.606
84.299999999999486 111.084
84.39999999999948 111.488
84.499999999999474 111.891
84.599999999999469 112.426
84.699999999999463 112.932
84.799999999999457 113.427
84.899999999999451 113.972
84.999999999999446 114.436
85.09999999999944 115.064
85.199999999999434 115.445
85.299999999999429 116.145
85.399999999999423 116.472
85.499999999999417 117.208
85.599999999999412 117.506
85.699999999999406 118.278
85.7999999999994 118.548
85.899999999999395 119.313
85.999999999999389 119.615
86.099999999999383 120.323
86.199999999999378 120.672
86.299999999999372 121.325
86.399999999999366 121.703
86.499999999999361 122.318
86.599999999999355 122.71
86.699999999999349 123.32
86.799999999999343 123.757
86.899999999999338 124.337
86.999999999999332 124.819
87.099999999999326 125.338
87.199999999999321 125.88
87.299999999999315 126.356
87.399999999999309 126.94
87.499999999999304 127.365
87.599999999999298 127.968
87.699999999999292 128.373
87.799999999999287 128.98
87.899999999999281 129.374
87.999999999999275 129.968
88.09999999999927 130.36
88.199999999999264 130.927
88.299999999999258 131.338
88.399999999999253 131.855
88.499999999999247 132.317
88.599999999999241 132.77
88.699999999999235 133.296
88.79999999999923 133.655
88.899999999999224 134.245
88.999999999999218 134.543
89.099999999999213 135.166
89.199999999999207 135.469
89.299999999999201 136.065
89.399999999999196 136.396
89.49999999999919 136.901
89.599999999999184 137.324
89.699999999999179 137.709
89.799999999999173 138.267
89.899999999999167 138.52
89.999999999999162 69.5015
90.099999999999156 69.5015
90.19999999999915 69.5015
90.299999999999145 69.5015
90.399999999999139 69.5015
90.499999999999133 69.5015
90.599999999999127 4
90.699999999999122 4
90.799999999999116 8
90.89999999999911 10
90.999999999999105 16
91.099999999999099 20
91.199999999999093 32
91.299999999999088 34.1761
91.399999999999082 34.8716
91.499999999999076 35.1573
91.599999999999071 35.8337
91.699999999999065 36.1395
91.799999999999059 36.7978
91.899999999999054 37.1226
91.999999999999048 37.7638
92.099999999999042 38.1066
92.199999999999037 38.7315
92.299999999999031 39.0914
92.399999999999025 39.7008
92.499999999999019 40.077
92.599999999999014 40.6716
92.699999999999008 41.1119
92.799999999999002 41.6678
92.899999999998997 42.2637
92.999999999998991 42.6407
93.099999999998985 43.4539
93.19999999999898 43.6606
93.299999999998974 44.5676
93.399999999998968 44.6797
93.499999999998963 45.5444
93.599999999998957 45.676
93.699999999998951 46.5222
93.799999999998946 46.651
93.89999999999894 47.5009
93.999999999998934 47.669
94.099999999998929 48.4805
94.199999999998923 48.6658
94.299999999998917 49.4608
94.399999999998911 49.6425
94.499999999998906 50.442
94.5999999999989 50.6596
94.699999999998894 51.4239
94.799999999998889 51.6374
94.899999999998883 52.4064
94.999999999998877 52.6159
95.099999999998872 53.3896
95.199999999998866 53.558
95.29999999999886 54.3734
95.399999999998855 54.502
95.499999999998849 55.2674
95.599999999998843 55.4661
95.699999999998838 56.1471
95.799999999998832 56.4137
95.899999999998826 56.9607
95.99999999999882 57.3456
96.099999999998815 57.7454
96.199999999998809 58.3141
96.299999999998803 58.5708
96.399999999998798 59.2837
96.499999999998792 59.469
96.599999999998786 60.1379
96.699999999998781 60.3372
96.799999999998775 60.8653
96.899999999998769 30.5147
96.999999999998764 30.5147
97.099999999998758 30.5475
97.199999999998752 31.3875
97.299999999998747 31.5147
97.399999999998741 32.484
97.499999999998735 32.484
97.59999999999873 33.455
97.699999999998724 33.455
97.799999999998718 34.4277
97.899999999998712 34.4277
97.999999999998707 35.4019
98.099999999998701 35.4019
98.199999999998695 36.3775
98.29999999999869 36.3775
98.399999999998684 37.3544
98.499999999998678 37.4346
98.599999999998673 38.3324
98.699999999998667 38.5666
98.799999999998661 39.3116
98.899999999998656 39.6914
98.99999999999865 40.2917
99.099999999998644 40.7607
99.199999999998639 41.2729
99.299999999998633 41.2729
99.399999999998627 41.2729
99.499999999998622 1
99.599999999998616 1
99.69999999999861 1
99.799999999998604 1
99.899999999998599 1
99.999999999998593 1
