0 1
0.10000000000000001 1
0.20000000000000001 1
0.30000000000000004 1
0.40000000000000002 1
0.5 1
0.59999999999999998 1
0.69999999999999996 1
0.79999999999999993 1
0.89999999999999991 1
0.99999999999999989 1
1.0999999999999999 1
1.2 2
1.3 2
1.4000000000000001 4
1.5000000000000002 4
1.6000000000000003 8
1.7000000000000004 8
1.8000000000000005 16
1.9000000000000006 16
2.0000000000000004 32
2.1000000000000005 32
2.2000000000000006 64
2.3000000000000007 64
2.4000000000000008 98
2.5000000000000009 49.5
2.600000000000001 49.5
2.7000000000000011 49.5
2.8000000000000012 49.5
2.9000000000000012 49.5
3.0000000000000013 1
3.1000000000000014 2
3.2000000000000015 2
3.3000000000000016 4
3.4000000000000017 5
3.5000000000000018 7
3.6000000000000019 9
3.700000000000002 11
3.800000000000002 14
3.9000000000000021 14
4.0000000000000018 22
4.1000000000000014 22
4.2000000000000011 24.4135
4.3000000000000007 24.4135
4.4000000000000004 24.5361
4.5 24.5361
4.5999999999999996 25.5747
4.6999999999999993 25.5747
4.7999999999999989 26.5349
4.8999999999999986 26.5349
4.9999999999999982 27.4979
5.0999999999999979 27.4979
5.1999999999999975 28.4635
5.2999999999999972 28.4635
5.3999999999999968 29.4313
5.4999999999999964 29.4313
5.5999999999999961 30.4013
5.6999999999999957 30.4342
5.7999999999999954 31.373
5.899999999999995 31.6271
5.9999999999999947 32.3465
6.0999999999999943 32.8377
6.199999999999994 33.3216
6.2999999999999936 34.0639
6.3999999999999932 34.2981
6.4999999999999929 35.2758
6.5999999999999925 35.2758
6.6999999999999922 36.2548
6.7999999999999918 36.2548
6.8999999999999915 37.2349
6.9999999999999911 37.2349
7.0999999999999908 38.216
7.1999999999999904 38.216
7.2999999999999901 39.1981
7.3999999999999897 39.2236
7.4999999999999893 40.181
7.599999999999989 40.3053
7.6999999999999886 41.1648
7.7999999999999883 41.4312
7.8999999999999879 42.1493
7.9999999999999876 42.5743
8.0999999999999872 43.1345
8.1999999999999869 43.7104
8.2999999999999865 44.1204
8.3999999999999861 44.8623
8.4999999999999858 45.1069
8.5999999999999854 46.0071
8.6999999999999851 46.094
8.7999999999999847 47.0816
8.8999999999999844 47.0816
8.999999999999984 48.0697
9.0999999999999837 48.1113
9.1999999999999833 49.0583
9.2999999999999829 49.1805
9.3999999999999826 50.0473
9.4999999999999822 50.2269
9.5999999999999819 51.0368
9.6999999999999815 51.3104
9.7999999999999812 52.0267
9.8999999999999808 52.4097
9.9999999999999805 53.0169
10.09999999999998 53.5052
10.19999999999998 54.0075
10.299999999999979 54.6152
10.399999999999979 54.9985
10.499999999999979 55.6672
10.599999999999978 55.9718
10.699999999999978 56.6644
10.799999999999978 56.9462
10.899999999999977 57.6791
10.999999999999977 58.0076
11.099999999999977 58.6932
11.199999999999976 59.033
11.299999999999976 59.7069
11.399999999999975 60.0576
11.499999999999975 60.7201
11.599999999999975 61.1141
11.699999999999974 61.7329
11.799999999999974 62.1205
11.899999999999974 62.7133
11.999999999999973 63.1266
12.099999999999973 63.6944
12.199999999999973 64.1169
12.299999999999972 64.6451
12.399999999999972 65.0922
12.499999999999972 65.5821
12.599999999999971 66.0682
12.699999999999971 66.5058
12.799999999999971 67.0002
12.89999999999997 67.4465
12.99999999999997 67.8604
13.099999999999969 68.3743
13.199999999999969 68.7245
13.299999999999969 69.2897
13.399999999999968 69.6783
13.499999999999968 70.1789
13.599999999999968 70.5626
13.699999999999967 71.0851
13.799999999999967 71.4359
13.899999999999967 71.8964
13.999999999999966 72.3402
14.099999999999966 72.6712
14.199999999999966 73.2333
14.299999999999965 73.669
14.399999999999965 74.2505
14.499999999999964 74.6936
14.599999999999964 75.2804
14.699999999999964 75.7176
14.799999999999963 76.2965
14.899999999999963 76.78
14.999999999999963 77.3122
15.099999999999962 77.8279
15.199999999999962 78.3274
15.299999999999962 78.8745
15.399999999999961 79.3549
15.499999999999961 79.9075
15.599999999999961 80.3816
15.69999999999996 80.9643
15.79999999999996 81.4323
15.899999999999959 82.0075
15.999999999999959 82.4696
16.099999999999959 83.0496
16.19999999999996 83.482
16.299999999999962 84.0789
16.399999999999963 84.4941
16.499999999999964 85.1074
16.599999999999966 85.506
16.699999999999967 86.1236
16.799999999999969 86.5291
16.89999999999997 87.1395
16.999999999999972 87.5288
17.099999999999973 88.1323
17.199999999999974 88.5286
17.299999999999976 89.114
17.399999999999977 89.506
17.499999999999979 90.0851
17.59999999999998 90.4728
17.699999999999982 91.0238
17.799999999999983 91.4404
17.899999999999984 91.9094
17.999999999999986 92.4086
18.099999999999987 92.7974
18.199999999999989 93.3775
18.29999999999999 93.6983
18.399999999999991 94.2622
18.499999999999993 94.6011
18.599999999999994 95.1072
18.699999999999996 95.4955
18.799999999999997 95.9968
18.899999999999999 96.4334
19 96.8163
19.100000000000001 48.4907
19.200000000000003 48.4907
19.300000000000004 48.4907
19.400000000000006 48.4907
19.500000000000007 48.4907
19.600000000000009 1
19.70000000000001 4
19.800000000000011 5
19.900000000000013 8
20.000000000000014 12
20.100000000000016 16
20.200000000000017 24
20.300000000000018 24.4135
20.40000000000002 24.9808
20.500000000000021 25.5747
20.600000000000023 26.04
20.700000000000024 26.7976
20.800000000000026 27.242
20.900000000000027 27.8235
21.000000000000028 28.2163
21.10000000000003 28.7781
21.200000000000031 29.1924
21.300000000000033 29.7357
21.400000000000034 30.17
21.500000000000036 30.696
21.600000000000037 31.149
21.700000000000038 31.6588
21.80000000000004 32.1293
21.900000000000041 32.6237
22.000000000000043 33.1108
22.100000000000044 33.5907
22.200000000000045 34.1226
22.300000000000047 34.5596
22.400000000000048 35.1622
22.50000000000005 35.5302
22.600000000000051 36.1443
22.700000000000053 36.5023
22.800000000000054 37.1273
22.900000000000055 37.4759
23.000000000000057 38.0849
23.100000000000058 38.4509
23.20000000000006 39.0447
23.300000000000061 39.4271
23.400000000000063 40.0064
23.500000000000064 40.4045
23.600000000000065 40.9943
23.700000000000067 41.3829
23.800000000000068 41.9352
23.90000000000007 42.3151
24.000000000000071 42.5508
24.100000000000072 43.1577
24.200000000000074 43.3658
24.300000000000075 44.0069
24.400000000000077 44.324
24.500000000000078 44.8623
24.60000000000008 22.4534
24.700000000000081 22.4534
24.800000000000082 22.4534
24.900000000000084 22.4534
25.000000000000085 22.4534
25.100000000000087 1
25.200000000000088 4
25.30000000000009 4
25.400000000000091 8
25.500000000000092 10
25.600000000000094 11.4473
25.700000000000095 11.7928
25.800000000000097 12.3741
25.900000000000098 12.6942
26.000000000000099 13.3864
26.100000000000101 13.6093
26.200000000000102 14.3969
26.300000000000104 14.6043
26.400000000000105 15.3406
26.500000000000107 15.5353
26.600000000000108 16.2909
26.700000000000109 16.4744
26.800000000000111 17.1886
26.900000000000112 17.3625
27.000000000000114 18.0969
27.100000000000115 18.317
27.200000000000117 19.067
27.300000000000118 19.276
27.400000000000119 20.04
27.500000000000121 20.2389
27.600000000000122 21.0154
27.700000000000124 21.2051
27.800000000000125 21.8102
27.900000000000126 22.1744
28.000000000000128 22.3542
28.100000000000129 23.0595
28.200000000000131 23.1462
28.300000000000132 23.87
28.400000000000134 24.1203
28.500000000000135 12.3066
28.600000000000136 12.3066
28.700000000000138 12.3878
28.800000000000139 12.3878
28.900000000000141 13.3241
29.000000000000142 13.3241
29.100000000000144 14.2689
29.200000000000145 14.2689
29.300000000000146 15.2205
29.400000000000148 15.2205
29.500000000000149 16.1779
29.600000000000151 16.1779
29.700000000000152 17.1401
29.800000000000153 17.1401
29.900000000000155 18.1063
30.000000000000156 18.1063
30.100000000000158 19.0759
30.200000000000159 19.0759
30.300000000000161 20.0485
30.400000000000162 20.0485
30.500000000000163 21.0235
30.600000000000165 21.0235
30.700000000000166 22.0008
30.800000000000168 22.0008
30.900000000000169 22.9799
31.000000000000171 22.9799
31.100000000000172 23.919
31.200000000000173 23.919
31.300000000000175 24.5386
31.400000000000176 24.8627
31.500000000000178 25.3412
31.600000000000179 25.8107
31.70000000000018 26.1574
31.800000000000182 26.7625
31.900000000000183 26.7998
32.000000000000185 27.7176
32.100000000000186 27.7176
32.200000000000188 28.5008
32.300000000000189 28.6758
32.40000000000019 14.4248
32.500000000000192 14.4248
32.600000000000193 14.4942
32.700000000000195 14.9033
32.800000000000196 15.4319
32.900000000000198 15.8167
33.000000000000199 16.3769
33.1000000000002 16.7399
33.200000000000202 17.3857
33.300000000000203 17.6714
33.400000000000205 18.61
33.500000000000206 18.61
33.600000000000207 19.5546
33.700000000000209 19.5546
33.80000000000021 20.5044
33.900000000000212 20.5044
34.000000000000213 21.4587
34.100000000000215 21.5053
34.200000000000216 22.4169
34.300000000000217 22.506
34.400000000000219 23.3786
34.50000000000022 23.4641
34.600000000000222 24.3434
34.700000000000223 24.3845
34.800000000000225 25.3109
34.900000000000226 25.3109
35.000000000000227 26.2426
35.100000000000229 26.2807
35.20000000000023 27.1055
35.300000000000232 27.2528
35.400000000000233 28.0132
35.500000000000234 28.2267
35.600000000000236 28.9616
35.700000000000237 29.2024
35.800000000000239 29.5769
35.90000000000024 30.1797
36.000000000000242 30.279
36.100000000000243 31.1584
36.200000000000244 31.1584
36.300000000000246 31.9198
36.400000000000247 32.1384
36.500000000000249 16.0692
36.60000000000025 16.0692
36.700000000000252 16.0692
36.800000000000253 16.0692
36.900000000000254 16.0692
37.000000000000256 1
37.100000000000257 8.83744
37.200000000000259 8.83744
37.30000000000026 9.80842
37.400000000000261 9.80842
37.500000000000263 10.6907
37.600000000000264 10.6907
37.700000000000266 11.5919
37.800000000000267 11.5919
37.900000000000269 12.508
38.00000000000027 12.5879
38.100000000000271 13.4358
38.200000000000273 13.5102
38.300000000000274 14.3732
38.400000000000276 14.4428
38.500000000000277 15.3184
38.600000000000279 15.3837
38.70000000000028 16.27
38.800000000000281 16.5145
38.900000000000283 17.227
39.000000000000284 17.6861
39.100000000000286 18.1886
39.200000000000287 18.9437
39.300000000000288 19.154
39.40000000000029 20.1228
39.500000000000291 20.1228
39.600000000000293 21.0944
39.700000000000294 21.0944
39.800000000000296 22.0685
39.900000000000297 22.0685
40.000000000000298 23.0448
40.1000000000003 23.0882
40.200000000000301 24.023
40.300000000000303 24.0646
40.400000000000304 25.0029
40.500000000000306 25.0429
40.600000000000307 25.9843
40.700000000000308 26.0612
40.80000000000031 26.9299
40.900000000000311 27.115
41.000000000000313 27.8792
41.100000000000314 28.2359
41.200000000000315 28.832
41.300000000000317 29.3139
41.400000000000318 29.7879
41.50000000000032 30.4194
41.600000000000321 30.7465
41.700000000000323 31.5496
41.800000000000324 31.7077
41.900000000000325 32.6713
42.000000000000327 32.6713
42.100000000000328 33.6369
42.20000000000033 33.6369
42.300000000000331 34.6045
42.400000000000333 34.6045
42.500000000000334 35.5738
42.600000000000335 35.5738
42.700000000000337 36.5448
42.800000000000338 36.5448
42.90000000000034 37.357
43.000000000000341 37.5173
43.100000000000342 38.2305
43.200000000000344 38.4912
43.300000000000345 39.0588
43.400000000000347 39.4664
43.500000000000348 39.7191
43.60000000000035 40.4429
43.700000000000351 40.517
43.800000000000352 41.4204
43.900000000000354 41.4204
44.000000000000355 42.3517
44.100000000000357 42.399
44.200000000000358 43.1241
44.30000000000036 43.3785
44.400000000000361 43.6543
44.500000000000362 44.359
44.600000000000364 44.6063
44.700000000000365 45.3403
44.800000000000367 45.7137
44.900000000000368 46.3223
45.000000000000369 46.8163
45.100000000000371 47.3052
45.200000000000372 47.9353
45.300000000000374 48.2887
45.400000000000375 49.0695
45.500000000000377 49.2729
45.600000000000378 50.1182
45.700000000000379 50.2578
45.800000000000381 51.1455
45.900000000000382 51.2432
46.000000000000384 52.1716
46.100000000000385 52.2291
46.200000000000387 53.1968
46.300000000000388 53.2156
46.400000000000389 54.1841
46.500000000000391 54.2026
46.600000000000392 55.1537
46.700000000000394 55.19
46.800000000000395 56.0174
46.900000000000396 56.1779
47.000000000000398 56.8504
47.100000000000399 57.1662
47.200000000000401 57.6713
47.300000000000402 58.1549
47.400000000000404 58.4807
47.500000000000405 59.1439
47.600000000000406 59.3297
47.700000000000408 60.1334
47.800000000000409 60.1999
47.900000000000411 61.1231
48.000000000000412 61.1231
48.100000000000414 61.7904
48.200000000000415 62.1132
48.300000000000416 62.4505
48.400000000000418 31.4963
48.500000000000419 31.4963
48.600000000000421 31.4963
48.700000000000422 31.4963
48.800000000000423 31.5598
48.900000000000425 32.0318
49.000000000000426 32.5277
49.100000000000428 33.2276
49.200000000000429 33.4974
49.300000000000431 34.4108
49.400000000000432 34.4689
49.500000000000433 35.442
49.600000000000435 35.442
49.700000000000436 36.4165
49.800000000000438 36.4165
49.900000000000439 37.3924
50.000000000000441 37.3924
50.100000000000442 38.3694
50.200000000000443 38.3694
50.300000000000445 39.3477
50.400000000000446 39.4239
50.500000000000448 40.327
50.600000000000449 40.5496
50.70000000000045 41.3072
50.800000000000452 41.6689
50.900000000000453 42.2884
51.000000000000455 42.7589
51.100000000000456 43.2705
51.200000000000458 43.8218
51.300000000000459 44.2533
51.40000000000046 44.9263
51.500000000000462 45.2369
51.600000000000463 45.9608
51.700000000000465 46.2212
51.800000000000466 47.0151
51.900000000000468 47.2062
52.000000000000469 48.0462
52.10000000000047 48.2125
52.200000000000472 49.0761
52.300000000000473 49.2185
52.400000000000475 50.0847
52.500000000000476 50.2243
52.600000000000477 51.0735
52.700000000000479 51.2104
52.80000000000048 52.0434
52.900000000000482 52.197
53.000000000000483 52.9201
53.100000000000485 53.184
53.200000000000486 53.7825
53.300000000000487 54.1531
53.400000000000489 54.6678
53.50000000000049 55.1051
53.600000000000492 55.539
53.700000000000493 56.0945
53.800000000000495 56.4323
53.900000000000496 57.0843
54.000000000000497 57.2941
54.100000000000499 57.9709
54.2000000000005 58.1948
54.300000000000502 58.7251
54.400000000000503 59.1155
54.500000000000504 59.5202
54.600000000000506 29.8272
54.700000000000507 29.8272
54.800000000000509 29.8272
54.90000000000051 29.8272
55.000000000000512 29.8272
55.100000000000513 1
55.200000000000514 2
55.300000000000516 2
55.400000000000517 3
55.500000000000519 3
55.60000000000052 8
55.700000000000522 8
55.800000000000523 14.1425
55.900000000000524 14.1425
56.000000000000526 15.1022
56.100000000000527 15.1022
56.200000000000529 16.0667
56.30000000000053 16.0667
56.400000000000531 16.3755
56.500000000000533 17.0352
56.600000000000534 17.0352
56.700000000000536 18.007
56.800000000000537 18.007
56.900000000000539 18.9817
57.00000000000054 18.9817
57.100000000000541 19.9086
57.200000000000543 19.9086
57.300000000000544 20.5032
57.400000000000546 20.8422
57.500000000000547 20.8902
57.600000000000549 21.7817
57.70000000000055 21.7817
57.800000000000551 22.7263
57.900000000000553 22.9455
58.000000000000554 23.6754
58.100000000000556 24.1774
58.200000000000557 24.6286
58.300000000000558 25.4283
58.40000000000056 25.5852
58.500000000000561 26.5451
58.600000000000563 26.5451
58.700000000000564 27.5078
58.800000000000566 27.5078
58.900000000000567 28.473
59.000000000000568 28.473
59.10000000000057 29.4405
59.200000000000571 29.4405
59.300000000000573 30.4101
59.400000000000574 30.4101
59.500000000000576 31.3817
59.600000000000577 31.3817
59.700000000000578 32.3549
59.80000000000058 32.4475
59.900000000000581 33.3297
60.000000000000583 33.5392
60.100000000000584 34.3059
60.200000000000585 34.5674
60.300000000000587 35.2835
60.400000000000588 35.5378
60.50000000000059 36.2623
60.600000000000591 36.5097
60.700000000000593 37.2422
60.800000000000594 37.403
60.900000000000595 38.2231
61.000000000000597 38.3015
61.100000000000598 39.205
61.2000000000006 39.205
61.300000000000601 40.1878
61.400000000000603 40.1878
61.500000000000604 41.1713
61.600000000000605 41.1713
61.700000000000607 41.7504
61.800000000000608 42.1557
61.90000000000061 42.5337
62.000000000000611 43.1408
62.100000000000612 43.3028
62.200000000000614 44.1265
62.300000000000615 44.1265
62.400000000000617 45.0685
62.500000000000618 45.1129
62.60000000000062 46.0998
62.700000000000621 46.0998
62.800000000000622 47.0873
62.900000000000624 47.0873
63.000000000000625 48.0753
63.100000000000627 48.0753
63.200000000000628 49.0638
63.30000000000063 49.0638
63.400000000000631 50.0527
63.500000000000632 50.0927
63.600000000000634 51.0421
63.700000000000635 51.1008
63.800000000000637 52.0319
63.900000000000638 52.0895
64.000000000000639 53.022
64.100000000000634 53.0597
64.200000000000628 54.0125
64.300000000000622 54.031
64.400000000000617 55.0034
64.500000000000611 55.0034
64.600000000000605 55.8515
64.7000000000006 55.9945
64.800000000000594 56.5809
64.900000000000588 56.9685
65.000000000000583 57.3359
65.100000000000577 57.9433
65.200000000000571 58.2016
65.300000000000566 58.9189
65.40000000000056 59.0715
65.500000000000554 59.8954
65.600000000000549 59.9288
65.700000000000543 60.6256
65.800000000000537 60.8726
65.900000000000531 30.5593
66.000000000000526 30.5593
66.10000000000052 30.5593
66.200000000000514 30.5593
66.300000000000509 30.6247
66.400000000000503 30.9497
66.500000000000497 31.6529
66.600000000000492 31.9047
66.700000000000486 32.8625
66.80000000000048 32.8625
66.900000000000475 33.8226
67.000000000000469 33.8817
67.100000000000463 34.785
67.200000000000458 34.9572
67.300000000000452 35.7495
67.400000000000446 36.0837
67.500000000000441 36.7158
67.600000000000435 37.1761
67.700000000000429 37.6839
67.800000000000423 38.2112
67.900000000000418 38.6536
68.000000000000412 39.2189
68.100000000000406 39.6248
68.200000000000401 40.2262
68.300000000000395 40.5974
68.400000000000389 41.2331
68.500000000000384 41.5713
68.600000000000378 42.2397
68.700000000000372 42.5464
68.800000000000367 43.2691
68.900000000000361 43.5456
69.000000000000355 44.3198
69.10000000000035 44.5898
69.200000000000344 45.3681
69.300000000000338 45.6538
69.400000000000333 46.4143
69.500000000000327 46.715
69.600000000000321 47.4374
69.700000000000315 47.7736
69.80000000000031 48.4183
69.900000000000304 48.7887
70.000000000000298 49.3999
70.100000000000293 49.8032
70.200000000000287 50.3822
70.300000000000281 50.8171
70.400000000000276 51.3652
70.50000000000027 51.7725
70.600000000000264 52.3489
70.700000000000259 52.7296
70.800000000000253 53.3332
70.900000000000247 53.651
71.000000000000242 54.318
71.100000000000236 54.5935
71.20000000000023 55.3034
71.300000000000225 55.5019
71.400000000000219 56.2893
71.500000000000213 56.4135
71.600000000000207 57.1533
71.700000000000202 57.328
71.800000000000196 57.9354
71.90000000000019 58.2625
72.000000000000185 58.6218
72.100000000000179 59.2497
72.200000000000173 59.5024
72.300000000000168 60.2374
72.400000000000162 60.3535
72.500000000000156 30.1768
72.600000000000151 30.1768
72.700000000000145 30.7678
72.800000000000139 30.9946
72.900000000000134 31.8228
73.000000000000128 32.0109
73.100000000000122 32.7829
73.200000000000117 33.0262
73.300000000000111 33.7454
73.400000000000105 34.0405
73.500000000000099 34.7099
73.600000000000094 35.0541
73.700000000000088 35.6764
73.800000000000082 36.0945
73.900000000000077 36.6447
74.000000000000071 37.0789
74.100000000000065 37.6412
74.20000000000006 38.1428
74.300000000000054 38.6637
74.400000000000048 39.2798
74.500000000000043 39.6347
74.600000000000037 40.3848
74.700000000000031 40.6317
74.800000000000026 41.4844
74.90000000000002 41.6528
75.000000000000014 42.4851
75.100000000000009 42.6495
75.200000000000003 43.4627
75.299999999999997 43.6464
75.399999999999991 44.4412
75.499999999999986 44.6209
75.59999999999998 45.4208
75.699999999999974 45.7062
75.799999999999969 46.4012
75.899999999999963 46.7662
75.999999999999957 47.4035
76.099999999999952 47.8445
76.199999999999946 48.4263
76.29999999999994 48.8377
76.399999999999935 49.4078
76.499999999999929 49.811
76.599999999999923 50.39
76.699999999999918 50.7854
76.799999999999912 51.3728
76.899999999999906 51.7028
76.999999999999901 52.3181
77.099999999999895 52.6231
77.199999999999889 53.2842
77.299999999999883 53.509
77.399999999999878 54.2699
77.499999999999872 54.4172
77.599999999999866 55.2562
77.699999999999861 55.3646
77.799999999999855 56.0826
77.899999999999849 56.314
77.999999999999844 56.8267
78.099999999999838 57.2824
78.199999999999832 57.6306
78.299999999999827 58.252
78.399999999999821 29.1517
78.499999999999815 29.1517
78.59999999999981 29.1517
78.699999999999804 29.8973
78.799999999999798 30.1307
78.899999999999793 30.8526
78.999999999999787 31.1431
79.099999999999781 31.8734
79.199999999999775 32.1235
79.29999999999977 32.832
79.399999999999764 33.1052
79.499999999999758 33.8227
79.599999999999753 34.1465
79.699999999999747 34.7851
79.799999999999741 35.3273
79.899999999999736 35.7775
79.99999999999973 36.4972
80.099999999999724 36.7975
80.199999999999719 37.6042
80.299999999999713 37.8429
80.399999999999707 38.576
80.499999999999702 38.8086
80.599999999999696 39.5491
80.69999999999969 39.8263
80.799999999999685 40.5728
80.899999999999679 40.8676
80.999999999999673 41.5473
81.099999999999667 41.9069
81.199999999999662 42.5465
81.299999999999656 42.921
81.39999999999965 43.5227
81.499999999999645 43.8889
81.599999999999639 44.5
81.699999999999633 44.8582
81.799999999999628 45.5222
81.899999999999622 45.8288
81.999999999999616 46.5219
82.099999999999611 46.822
82.199999999999605 47.5428
82.299999999999599 47.8155
82.399999999999594 48.5215
82.499999999999588 48.7887
82.599999999999582 49.501
82.699999999999577 49.763
82.799999999999571 50.4814
82.899999999999565 50.7186
82.999999999999559 51.4431
83.099999999999554 51.6759
83.199999999999548 52.368
83.299999999999542 52.6347
83.399999999999537 53.3144
83.499999999999531 53.5764
83.599999999999525 54.1151
83.69999999999952 54.5018
83.799999999999514 55.0314
83.899999999999508 55.4298
83.999999999999503 55.7537
84.099999999999497 56.3958
84.199999999999491 56.5905
84.299999999999486 57.2756
84.39999999999948 57.5196
84.499999999999474 28.985
84.599999999999469 28.985
84.699999999999463 28.985
84.799999999999457 28.985
84.899999999999451 28.985
84.999999999999446 1
85.09999999999944 4
85.199999999999434 4
85.299999999999429 8
85.399999999999423 9
85.499999999999417 14.1425
85.599999999999412 14.4232
85.699999999999406 15.1022
85.7999999999994 15.3653
85.899999999999395 16.0667
85.999999999999389 16.3142
86.099999999999383 17.0352
86.199999999999378 17.2688
86.299999999999372 18.1179
86.399999999999366 18.6625
86.499999999999361 19.0869
86.599999999999355 19.9086
86.699999999999349 20.0589
86.799999999999343 20.8422
86.899999999999338 21.0335
86.999999999999332 21.7817
87.099999999999326 22.0103
87.199999999999321 22.7263
87.299999999999315 23.0326
87.399999999999309 23.6754
87.499999999999304 24.0529
87.599999999999298 24.6286
87.699999999999292 25.0316
87.799999999999287 25.5852
87.899999999999281 26.0119
87.999999999999275 26.5451
88.09999999999927 26.9937
88.199999999999264 27.5078
88.299999999999258 27.9409
88.399999999999253 28.473
88.499999999999247 28.857
88.599999999999241 29.4405
88.699999999999235 29.7112
88.79999999999923 30.4101
88.899999999999224 30.6069
88.999999999999218 31.3817
89.099999999999213 31.5089
89.199999999999207 32.1377
89.299999999999201 32.3549
89.399999999999196 32.7849
89.49999999999919 33.3297
89.599999999999184 33.688
89.699999999999179 34.3059
89.799999999999173 34.6252
89.899999999999167 35.2835
89.999999999999162 35.3967
90.099999999999156 36.0409
90.19999999999915 36.2623
90.299999999999145 37.1615
90.399999999999139 37.2422
90.499999999999133 38.2231
90.599999999999127 38.3798
90.699999999999122 39.205
90.799999999999116 39.51
90.89999999999911 40.1878
90.999999999999105 40.4853
91.099999999999099 41.1713
91.199999999999093 41.4619
91.299999999999088 42.1557
91.399999999999082 42.4631
91.499999999999076 43.1408
91.599999999999071 43.5332
91.699999999999065 44.1265
91.799999999999059 44.6
91.899999999999054 45.1129
91.999999999999048 45.6638
92.099999999999042 46.1215
92.199999999999037 46.7248
92.299999999999031 47.1722
92.399999999999025 47.825
92.499999999999019 48.2
92.599999999999014 48.9004
92.699999999999008 49.2266
92.799999999999002 49.9927
92.899999999998997 50.2919
92.999999999998991 51.0421
93.099999999998985 51.3157
93.19999999999898 52.0319
93.299999999998974 52.3385
93.399999999998968 53.022
93.499999999998963 53.4167
93.599999999998957 54.0125
93.699999999998951 54.4918
93.799999999998946 55.0034
93.89999999999894 55.5462
93.999999999998934 55.9945
94.099999999998929 56.5986
94.199999999998923 56.9685
94.299999999998917 57.6317
94.399999999998911 57.9433
94.499999999998906 58.6637
94.5999999999989 58.9698
94.699999999998894 59.6779
94.799999999998889 59.9788
94.899999999998883 60.6586
94.999999999998877 60.9383
95.099999999998872 61.6237
95.199999999998866 61.9152
95.29999999999886 62.542
95.399999999998855 62.8451
95.499999999998849 63.3996
95.599999999998843 63.8084
95.699999999998838 64.2769
95.799999999998832 64.7884
95.899999999998826 65.1885
95.99999999999882 65.7689
96.099999999998815 66.1328
96.199999999998809 66.705
96.299999999998803 67.0788
96.399999999998798 67.5542
96.499999999998792 67.8497
96.599999999998786 68.3197
96.699999999998781 68.7138
96.799999999998775 69.1636
96.899999999998769 34.7549
96.999999999998764 34.7549
97.099999999998758 34.7836
97.199999999998752 35.1555
97.299999999998747 35.7481
97.399999999998741 36.2759
97.499999999998735 36.7145
97.59999999999873 37.3895
97.699999999998724 37.6826
97.799999999998718 38.5228
97.899999999998712 38.6524
97.999999999998707 39.6236
98.099999999998701 39.6993
98.199999999998695 40.5963
98.29999999999869 40.7193
98.399999999998684 41.5702
98.499999999998678 41.7383
98.599999999998673 42.5453
98.699999999998667 42.8031
98.799999999998661 43.5216
98.899999999998656 43.8877
98.99999999999865 44.4989
99.099999999998644 44.9907
99.199999999998639 45.4771
99.299999999998633 45.4771
99.399999999998627 1
99.499999999998622 1
99.599999999998616 1
99.69999999999861 1
99.799999999998604 1
99.899999999998599 1
99.999999999998593 1
