0 1
0.10000000000000001 1
0.20000000000000001 1
0.30000000000000004 1
0.40000000000000002 1
0.5 1
0.59999999999999998 1
0.69999999999999996 1
0.79999999999999993 1
0.89999999999999991 1
0.99999999999999989 1
1.0999999999999999 1
1.2 2
1.3 2
1.4000000000000001 4
1.5000000000000002 4
1.6000000000000003 8
1.7000000000000004 8
1.8000000000000005 16
1.9000000000000006 16
2.0000000000000004 32
2.1000000000000005 32
2.2000000000000006 32
2.3000000000000007 64
2.4000000000000008 64
2.5000000000000009 32.5
2.600000000000001 32.5
2.7000000000000011 32.5
2.8000000000000012 32.5
2.9000000000000012 33.3508
3.0000000000000013 33.3508
3.1000000000000014 34.3264
3.2000000000000015 34.3264
3.3000000000000016 35.3034
3.4000000000000017 35.3034
3.5000000000000018 36.2817
3.6000000000000019 36.2817
3.700000000000002 37.2611
3.800000000000002 37.2611
3.9000000000000021 38.2415
4.0000000000000018 38.2415
4.1000000000000014 39.2229
4.2000000000000011 39.2229
4.3000000000000007 40.2053
4.4000000000000004 40.2798
4.5 41.1884
4.5999999999999996 41.3581
4.6999999999999993 42.1724
4.7999999999999989 42.5502
4.8999999999999986 43.1571
4.9999999999999982 43.7098
5.0999999999999979 44.1425
5.1999999999999975 44.8617
5.2999999999999972 45.1285
5.3999999999999968 46.0282
5.4999999999999964 46.1151
5.5999999999999961 47.1022
5.6999999999999957 47.1022
5.7999999999999954 48.0899
5.899999999999995 48.0899
5.9999999999999947 49.0781
6.0999999999999943 49.0781
6.199999999999994 50.0668
6.2999999999999936 50.0668
6.3999999999999932 51.0559
6.4999999999999929 51.0559
6.5999999999999925 52.0454
6.6999999999999922 52.0454
6.7999999999999918 53.0353
6.8999999999999915 53.0353
6.9999999999999911 54.0255
7.0999999999999908 54.0255
7.1999999999999904 55.0161
7.2999999999999901 55.0888
7.3999999999999897 56.0071
7.4999999999999893 56.2032
7.599999999999989 56.9984
7.6999999999999886 57.2784
7.7999999999999883 57.9727
7.8999999999999879 58.3338
7.9999999999999876 58.9478
8.0999999999999872 59.3536
8.1999999999999869 59.9238
8.2999999999999865 60.3893
8.3999999999999861 60.9006
8.4999999999999858 61.5052
8.5999999999999854 61.8781
8.6999999999999851 62.6331
8.7999999999999847 62.8563
8.8999999999999844 63.7411
8.999999999999984 63.8351
9.0999999999999837 64.8147
9.1999999999999833 64.8147
9.2999999999999829 65.7948
9.3999999999999826 65.7948
9.4999999999999822 66.7755
9.5999999999999819 66.7755
9.6999999999999815 67.7568
9.7999999999999812 67.7568
9.8999999999999808 68.7386
9.9999999999999805 68.7386
10.09999999999998 69.721
10.19999999999998 69.7783
10.299999999999979 70.7038
10.399999999999979 70.8169
10.499999999999979 71.6871
10.599999999999978 71.8822
10.699999999999978 72.6709
10.799999999999978 72.9867
10.899999999999977 73.6551
10.999999999999977 74.0343
11.099999999999977 74.6397
11.199999999999976 75.0672
11.299999999999976 75.6247
11.399999999999975 76.1256
11.499999999999975 76.6101
11.599999999999975 77.1564
11.699999999999974 77.5959
11.799999999999974 78.1609
11.899999999999974 78.582
11.999999999999973 79.1274
12.099999999999973 79.5685
12.199999999999973 80.0697
12.299999999999972 80.5553
12.399999999999972 80.9763
12.499999999999972 81.5424
12.599999999999971 81.8363
12.699999999999971 82.5299
12.799999999999971 82.6994
12.89999999999997 83.4697
12.99999999999997 83.5296
13.099999999999969 84.3754
13.199999999999969 84.5057
13.299999999999969 85.2362
13.399999999999968 85.494
13.499999999999968 86.0071
13.599999999999968 86.4825
13.699999999999967 86.725
13.799999999999967 87.4142
13.899999999999967 87.4714
13.999999999999966 44.0944
14.099999999999966 44.0944
14.199999999999966 44.0944
14.299999999999965 44.0944
14.399999999999965 44.0944
14.499999999999964 44.0944
14.599999999999964 1
14.699999999999964 4
14.799999999999963 4
14.899999999999963 8
14.999999999999963 10
15.099999999999962 16
15.199999999999962 20
15.299999999999962 22.4504
15.399999999999961 22.9792
15.499999999999961 23.4107
15.599999999999961 24.0851
15.69999999999996 24.3742
15.79999999999996 25.182
15.899999999999959 25.4194
15.999999999999959 26.1949
16.099999999999959 26.3853
16.19999999999996 27.2436
16.299999999999962 27.3536
16.399999999999963 28.2533
16.499999999999964 28.3241
16.599999999999966 29.2281
16.699999999999967 29.3307
16.799999999999969 30.2046
16.89999999999997 30.2708
16.999999999999972 31.1825
17.099999999999973 31.2466
17.199999999999974 32.1618
17.299999999999976 32.1618
17.399999999999977 33.1423
17.499999999999979 33.1423
17.59999999999998 34.0652
17.699999999999982 34.1239
17.799999999999983 34.8778
17.899999999999984 35.1065
17.999999999999986 35.5877
18.099999999999987 36.0901
18.199999999999989 36.2836
18.29999999999999 37.0745
18.399999999999991 37.1285
18.499999999999993 38.0598
18.599999999999994 38.0598
18.699999999999996 39.0202
18.799999999999997 39.0458
18.899999999999999 39.6054
19 40.0325
19.100000000000001 40.1821
19.200000000000003 41.0198
19.300000000000004 41.2144
19.400000000000006 42.0077
19.500000000000007 42.2925
19.600000000000009 42.9962
19.70000000000001 43.3899
19.800000000000011 43.9624
19.900000000000013 44.4601
20.000000000000014 44.9301
20.100000000000016 45.5272
20.200000000000017 45.8992
20.300000000000018 46.5913
20.40000000000002 46.8696
20.500000000000021 47.6106
20.600000000000023 47.8412
20.700000000000024 48.6086
20.800000000000026 48.8139
20.900000000000027 49.6066
21.000000000000028 49.7877
21.10000000000003 50.6244
21.200000000000031 50.7626
21.300000000000033 51.6416
21.400000000000034 51.777
21.500000000000036 52.6581
21.600000000000037 52.8287
21.700000000000038 53.6739
21.80000000000004 53.8785
21.900000000000041 54.6526
22.000000000000043 54.9629
22.100000000000044 55.6501
22.200000000000045 55.9905
22.300000000000047 56.6299
22.400000000000048 56.9996
22.50000000000005 57.6104
22.600000000000051 57.9221
22.700000000000053 58.5746
22.800000000000054 58.8301
22.900000000000055 59.5231
23.000000000000057 59.7076
23.100000000000058 60.4567
23.20000000000006 60.5559
23.300000000000061 61.3761
23.400000000000063 61.5388
23.500000000000064 62.2498
23.600000000000065 62.5224
23.700000000000067 63.1114
23.800000000000068 63.5064
23.90000000000007 63.9145
24.000000000000071 64.4754
24.100000000000072 64.6613
24.200000000000074 65.3689
24.300000000000075 65.4759
24.400000000000077 66.1899
24.500000000000078 66.4613
24.60000000000008 33.4257
24.700000000000081 33.4257
24.800000000000082 33.4257
24.900000000000084 33.575
25.000000000000085 34.195
25.100000000000087 34.5443
25.200000000000088 35.2325
25.30000000000009 35.5153
25.400000000000091 36.2679
25.500000000000092 36.4879
25.600000000000094 37.3013
25.700000000000095 37.4619
25.800000000000097 38.3068
25.900000000000098 38.4372
26.000000000000099 39.3121
26.100000000000101 39.4137
26.200000000000102 40.2922
26.300000000000104 40.3914
26.400000000000105 41.2733
26.500000000000107 41.3702
26.600000000000108 42.2316
26.700000000000109 42.3499
26.800000000000111 43.1455
26.900000000000112 43.3306
27.000000000000114 43.9949
27.100000000000115 44.3121
27.200000000000117 44.7165
27.300000000000118 45.2944
27.400000000000119 45.3385
27.500000000000121 46.1909
27.600000000000122 46.2775
27.700000000000124 47.1765
27.800000000000125 47.2612
27.900000000000126 48.1211
28.000000000000128 48.2457
28.100000000000129 48.8227
28.200000000000131 49.2307
28.300000000000132 49.3727
28.400000000000134 50.1366
28.500000000000135 50.2164
28.600000000000136 51.1048
28.700000000000138 51.2026
28.800000000000139 52.0934
28.900000000000141 52.1893
29.000000000000142 53.1012
29.100000000000144 53.1765
29.200000000000145 54.0903
29.300000000000146 54.1642
29.400000000000148 55.0797
29.500000000000149 55.1523
29.600000000000151 56.0696
29.700000000000152 56.1409
29.800000000000153 57.0597
29.900000000000155 57.1473
30.000000000000156 58.0502
30.100000000000158 58.1535
30.200000000000159 59.0411
30.300000000000161 59.1088
30.400000000000162 60.0322
30.500000000000163 60.0988
30.600000000000165 61.0236
30.700000000000166 61.0891
30.800000000000168 61.9992
30.900000000000169 62.0798
31.000000000000171 62.896
31.100000000000172 63.0707
31.200000000000173 63.7332
31.300000000000175 64.0619
31.400000000000176 64.5286
31.500000000000178 65.0073
31.600000000000179 65.2529
31.70000000000018 65.9542
31.800000000000182 66.0451
31.900000000000183 66.9177
32.000000000000185 67.0371
32.100000000000186 67.7051
32.200000000000188 67.9999
32.300000000000189 68.4105
32.40000000000019 68.8767
32.500000000000192 34.4384
32.600000000000193 34.4384
32.700000000000195 34.4674
32.800000000000196 35.3557
32.900000000000198 35.4405
33.000000000000199 36.3325
33.1000000000002 36.4151
33.200000000000202 37.3106
33.300000000000203 37.3909
33.400000000000205 38.2898
33.500000000000206 38.4982
33.600000000000207 39.27
33.700000000000209 39.5492
33.80000000000021 40.3008
33.900000000000212 40.5976
34.000000000000213 41.306
34.100000000000215 41.5955
34.200000000000216 42.2635
34.300000000000217 42.5466
34.400000000000219 43.223
34.50000000000022 43.4768
34.600000000000222 44.1843
34.700000000000223 44.3875
34.800000000000225 45.1694
34.900000000000226 45.2579
35.000000000000227 46.1334
35.100000000000229 46.2201
35.20000000000023 47.014
35.300000000000232 47.205
35.400000000000233 47.7737
35.500000000000234 48.1906
35.600000000000236 48.5422
35.700000000000237 49.1768
35.800000000000239 49.4
35.90000000000024 50.1036
36.000000000000242 50.1635
36.100000000000243 50.9352
36.200000000000244 51.1507
36.300000000000246 25.6827
36.400000000000247 25.6827
36.500000000000249 25.6827
36.60000000000025 26.1461
36.700000000000252 26.639
36.800000000000253 27.123
36.900000000000254 27.6346
37.000000000000256 28.1014
37.100000000000257 28.5956
37.200000000000259 29.0813
37.30000000000026 29.5591
37.400000000000261 30.0626
37.500000000000263 30.525
37.600000000000264 31.045
37.700000000000266 31.5247
37.800000000000267 32.0284
37.900000000000269 32.5859
38.00000000000027 33.0129
38.100000000000271 33.6135
38.200000000000273 33.9982
38.300000000000274 34.6396
38.400000000000276 34.9558
38.500000000000277 35.6641
38.600000000000279 35.9157
38.70000000000028 36.6327
38.800000000000281 36.8777
38.900000000000283 37.6029
39.000000000000284 37.8416
39.100000000000286 38.6524
39.200000000000287 38.9104
39.300000000000288 39.6993
39.40000000000029 39.9254
39.500000000000291 40.7193
39.600000000000293 41.013
39.700000000000294 41.7143
39.800000000000296 42.1437
39.900000000000297 42.6862
40.000000000000298 43.2218
40.1000000000003 43.6593
40.200000000000301 44.2057
40.300000000000303 44.6335
40.400000000000304 45.1903
40.500000000000306 45.6089
40.600000000000307 46.2189
40.700000000000308 46.5854
40.80000000000031 47.2674
40.900000000000311 47.5628
41.000000000000313 48.2725
41.100000000000314 48.5411
41.200000000000315 49.3179
41.300000000000317 49.5203
41.400000000000318 50.3217
41.50000000000032 50.5003
41.600000000000321 51.3059
41.700000000000323 51.481
41.800000000000324 52.2906
41.900000000000325 52.4625
42.000000000000327 53.276
42.100000000000328 53.4447
42.20000000000033 54.2618
42.300000000000331 54.4275
42.400000000000333 55.2482
42.500000000000334 55.4109
42.600000000000335 56.2173
42.700000000000337 56.3949
42.800000000000338 57.1174
42.90000000000034 57.3795
43.000000000000341 58.0381
43.100000000000342 58.3646
43.200000000000344 59.0291
43.300000000000345 59.3501
43.400000000000347 59.9203
43.500000000000348 60.2864
43.60000000000035 60.6668
43.700000000000351 61.1757
43.800000000000352 61.3227
43.900000000000354 62.0684
44.000000000000355 62.3096
44.100000000000357 62.996
44.200000000000358 63.2811
44.30000000000036 63.7849
44.400000000000361 32.002
44.500000000000362 32.002
44.600000000000364 32.0333
44.700000000000365 32.2201
44.800000000000367 33.0176
44.900000000000368 33.3492
45.000000000000369 34.0028
45.100000000000371 34.4413
45.200000000000372 34.9888
45.300000000000374 35.4716
45.400000000000375 35.9478
45.500000000000377 36.5001
45.600000000000378 36.909
45.700000000000379 37.5272
45.800000000000381 37.8721
45.900000000000382 38.5528
46.000000000000384 38.8371
46.100000000000385 39.5264
46.200000000000387 39.8039
46.300000000000388 40.5014
46.400000000000389 40.7722
46.500000000000391 41.4293
46.600000000000392 41.742
46.700000000000394 42.3368
46.800000000000395 42.7132
46.900000000000396 43.2022
47.000000000000398 43.6857
47.100000000000399 43.9823
47.200000000000401 44.6146
47.300000000000402 44.6594
47.400000000000404 45.4805
47.500000000000405 45.6342
47.600000000000406 46.4166
47.700000000000408 46.6101
47.800000000000409 47.3341
47.900000000000411 47.587
48.000000000000412 48.0888
48.100000000000414 48.503
48.200000000000415 48.606
48.300000000000416 49.3818
48.400000000000418 49.5436
48.500000000000419 50.3645
48.600000000000421 50.5231
48.700000000000422 51.3478
48.800000000000423 51.6392
48.900000000000425 52.37
49.000000000000426 52.7696
49.100000000000428 53.3727
49.200000000000429 53.8948
49.300000000000431 54.3752
49.400000000000432 55.0334
49.500000000000433 55.3776
49.600000000000435 56.131
49.700000000000436 56.3799
49.800000000000438 57.1551
49.900000000000439 57.3822
50.000000000000441 58.1784
50.100000000000442 58.3672
50.200000000000443 59.184
50.300000000000445 59.3696
50.400000000000446 60.1894
50.500000000000448 60.3553
50.600000000000449 61.1782
50.70000000000045 61.3415
50.800000000000452 62.1835
50.900000000000453 62.3281
51.000000000000455 63.1887
51.100000000000456 63.3152
51.200000000000458 64.1781
51.300000000000459 64.3026
51.40000000000046 65.1678
51.500000000000462 65.3517
51.600000000000463 66.1578
51.700000000000465 66.4595
51.800000000000466 67.1481
51.900000000000468 67.5639
52.000000000000469 68.1387
52.10000000000047 68.6796
52.200000000000472 69.1296
52.300000000000473 69.7202
52.400000000000475 70.1207
52.500000000000476 70.7172
52.600000000000477 71.1121
52.700000000000479 71.6585
52.80000000000048 72.1037
52.900000000000482 72.5737
53.000000000000483 73.0818
53.100000000000485 73.464
53.200000000000486 74.0606
53.300000000000487 74.2763
53.400000000000489 75.0399
53.50000000000049 75.1464
53.600000000000492 75.9802
53.700000000000493 76.0723
53.800000000000495 76.857
53.900000000000496 77.065
54.000000000000497 77.6854
54.100000000000499 78.045
54.2000000000005 78.4285
54.300000000000502 79.0129
54.400000000000503 79.1141
54.500000000000504 79.8814
54.600000000000506 80.044
54.700000000000507 80.7035
54.800000000000509 81.0374
54.90000000000051 81.6276
55.000000000000512 82.0309
55.100000000000513 82.5414
55.200000000000514 83.0005
55.300000000000516 83.4092
55.400000000000517 83.9946
55.500000000000519 84.4221
55.60000000000052 84.9771
55.700000000000522 85.4114
55.800000000000523 85.9483
55.900000000000524 86.343
56.000000000000526 86.8742
56.100000000000527 87.2303
56.200000000000529 87.7789
56.30000000000053 88.0633
56.400000000000531 88.7308
56.500000000000533 88.9784
56.600000000000534 89.6056
56.700000000000536 89.962
56.800000000000537 90.4609
56.900000000000539 90.913
57.00000000000054 91.2862
57.100000000000541 91.7779
57.200000000000543 92.0608
57.300000000000544 92.6347
57.400000000000546 92.915
57.500000000000547 46.5704
57.600000000000549 46.5704
57.70000000000055 46.5704
57.800000000000551 46.5704
57.900000000000553 46.6133
58.000000000000554 47.0405
58.100000000000556 47.5901
58.200000000000557 48.0295
58.300000000000558 48.5679
58.40000000000056 49.0189
58.500000000000561 49.5466
58.600000000000563 50.0087
58.700000000000564 50.526
58.800000000000566 50.9989
58.900000000000567 51.5063
59.000000000000568 51.9703
59.10000000000057 52.5445
59.200000000000571 53.0748
59.300000000000573 53.5625
59.400000000000574 54.1198
59.500000000000576 54.5798
59.600000000000577 55.1631
59.700000000000578 55.5786
59.80000000000058 56.1871
59.900000000000581 56.595
60.000000000000583 57.1927
60.100000000000584 57.5935
60.200000000000585 58.1809
60.300000000000587 58.575
60.400000000000588 59.1358
60.50000000000059 59.5235
60.600000000000591 60.0588
60.700000000000593 60.4405
60.800000000000594 60.9514
60.900000000000595 61.3602
61.000000000000597 61.7663
61.100000000000598 62.3305
61.2000000000006 62.7144
61.300000000000601 63.3175
61.400000000000603 63.6798
61.500000000000604 64.2271
61.600000000000605 64.5997
61.700000000000607 65.124
61.800000000000608 65.4457
61.90000000000061 65.8874
62.000000000000611 66.2809
62.100000000000612 66.642
62.200000000000614 67.2694
62.300000000000615 67.5809
62.400000000000617 33.7904
62.500000000000618 33.7904
62.60000000000062 33.7904
62.700000000000621 33.7904
62.800000000000622 33.8791
62.900000000000624 34.6095
63.000000000000625 34.8974
63.100000000000627 35.6068
63.200000000000628 35.8867
63.30000000000063 36.6316
63.400000000000631 36.8766
63.500000000000632 37.6019
63.600000000000634 37.867
63.700000000000635 38.5736
63.800000000000637 38.8063
63.900000000000638 39.5468
64.000000000000639 39.7235
64.100000000000634 40.4966
64.200000000000628 40.6199
64.300000000000622 41.4004
64.400000000000617 41.5933
64.500000000000611 42.2613
64.600000000000605 42.5209
64.7000000000006 43.0817
64.800000000000594 43.4976
64.900000000000588 43.9552
65.000000000000583 44.4305
65.100000000000577 44.8562
65.200000000000571 45.3882
65.300000000000566 45.5861
65.40000000000056 46.3045
65.500000000000554 46.4555
65.600000000000549 47.097
65.700000000000543 47.3934
65.800000000000537 47.8345
65.900000000000531 48.3544
66.000000000000526 48.6637
66.10000000000052 49.317
66.200000000000514 49.7009
66.300000000000509 50.301
66.400000000000503 50.7366
66.500000000000497 51.3051
66.600000000000492 51.7322
66.700000000000486 52.309
66.80000000000048 52.709
66.900000000000475 53.3127
67.000000000000469 53.6866
67.100000000000463 54.2979
67.200000000000458 54.7017
67.300000000000452 55.2837
67.400000000000446 55.6982
67.500000000000441 56.2699
67.600000000000435 56.6949
67.700000000000429 57.2915
67.800000000000423 57.7263
67.900000000000418 58.2781
68.000000000000412 58.7396
68.100000000000406 59.282
68.200000000000401 59.7358
68.300000000000395 60.3023
68.400000000000389 60.7485
68.500000000000384 61.3383
68.600000000000378 61.777
68.700000000000372 62.341
68.800000000000367 62.7886
68.900000000000361 63.3437
69.000000000000355 63.8156
69.10000000000035 64.3618
69.200000000000344 64.8108
69.300000000000338 65.3793
69.400000000000333 65.8214
69.500000000000327 66.3963
69.600000000000321 66.8167
69.700000000000315 67.3979
69.80000000000031 67.8564
69.900000000000304 68.3995
70.000000000000298 68.8949
70.100000000000293 69.3867
70.200000000000287 69.9609
70.300000000000281 70.3742
70.400000000000276 70.9545
70.50000000000027 71.348
70.600000000000264 71.8926
70.700000000000259 72.3087
70.800000000000253 72.7912
70.900000000000247 73.2705
71.000000000000242 73.6517
71.100000000000236 74.2063
71.20000000000023 74.5291
71.300000000000225 75.1704
71.400000000000219 75.383
71.500000000000213 76.1223
71.600000000000207 76.3322
71.700000000000202 77.0884
71.800000000000196 77.2698
71.90000000000019 77.9399
72.000000000000185 78.1961
72.100000000000179 78.6298
72.200000000000173 79.1369
72.300000000000168 79.3388
72.400000000000162 80.0791
72.500000000000156 80.2537
72.600000000000151 80.9732
72.700000000000145 81.2568
72.800000000000139 82.0041
72.900000000000134 82.2598
73.000000000000128 83.0222
73.100000000000122 83.2628
73.200000000000117 84.0161
73.300000000000111 84.2657
73.400000000000105 85.0101
73.500000000000099 85.3037
73.600000000000094 86.0042
73.700000000000088 86.3524
73.800000000000082 87.01
73.900000000000077 87.4113
74.000000000000071 88.0156
74.100000000000065 88.4576
74.20000000000006 89.0099
74.300000000000054 89.4805
74.400000000000048 90.0043
74.500000000000043 90.525
74.600000000000037 90.9988
74.700000000000031 91.5576
74.800000000000026 91.9826
74.90000000000002 92.6002
75.000000000000014 92.999
75.100000000000009 93.6206
75.200000000000003 94.0682
75.299999999999997 94.6299
75.399999999999991 95.1253
75.499999999999986 95.6286
75.59999999999998 96.1397
75.699999999999974 96.6377
75.799999999999969 97.1434
75.899999999999963 97.6363
75.999999999999957 98.1471
76.099999999999952 98.635
76.199999999999946 99.1407
76.29999999999994 99.6237
76.399999999999935 100.134
76.499999999999929 100.603
76.599999999999923 101.118
76.699999999999918 101.572
76.799999999999912 102.093
76.899999999999906 102.523
76.999999999999901 103.058
77.099999999999895 103.465
77.199999999999889 103.966
77.299999999999883 104.388
77.399999999999878 104.819
77.499999999999872 105.294
77.599999999999866 105.655
77.699999999999861 106.184
77.799999999999855 106.588
77.899999999999849 107.084
77.999999999999844 107.494
78.099999999999838 108.014
78.199999999999832 108.374
78.299999999999827 108.844
78.399999999999821 109.229
78.499999999999815 109.595
78.59999999999981 55.0158
78.699999999999804 55.0158
78.799999999999798 55.034
78.899999999999793 55.2155
78.999999999999787 56.0247
79.099999999999781 56.2918
79.199999999999775 57.0156
79.29999999999977 57.3654
79.399999999999764 58.0069
79.499999999999758 58.4363
79.599999999999753 58.9984
79.699999999999747 59.5048
79.799999999999741 59.9736
79.899999999999736 60.5709
79.99999999999973 60.9495
80.099999999999724 61.6024
80.199999999999719 61.9263
80.299999999999713 62.6488
80.399999999999707 62.9037
80.499999999999702 63.678
80.599999999999696 63.8819
80.69999999999969 64.7063
80.799999999999685 64.8607
80.899999999999679 65.7033
80.999999999999673 65.8401
81.099999999999667 66.7003
81.199999999999662 66.8202
81.299999999999656 67.6827
81.39999999999965 67.8451
81.499999999999645 68.6656
81.599999999999639 68.8837
81.699999999999633 69.649
81.799999999999628 69.9213
81.899999999999622 70.647
81.999999999999616 70.9718
82.099999999999611 71.645
82.199999999999605 71.9792
82.299999999999599 72.6293
82.399999999999594 72.9591
82.499999999999588 73.6005
82.599999999999582 73.8853
82.699999999999577 74.5724
82.799999999999571 74.7867
82.899999999999565 75.5319
82.999999999999559 75.6641
83.099999999999554 76.4662
83.199999999999548 76.649
83.299999999999542 77.3763
83.399999999999537 77.6343
83.499999999999531 78.263
83.599999999999525 78.6073
83.69999999999952 79.0892
83.799999999999514 79.5431
83.899999999999508 79.8694
83.999999999999503 80.4806
84.099999999999497 80.5923
84.199999999999491 81.3458
84.299999999999486 81.5668
84.39999999999948 41.034
84.499999999999474 41.034
84.599999999999469 41.034
84.699999999999463 41.0583
84.799999999999457 41.7349
84.899999999999451 42.0453
84.999999999999446 42.7999
85.09999999999944 43.0329
85.199999999999434 43.8617
85.299999999999429 44.0211
85.399999999999423 44.9208
85.499999999999417 45.0098
85.599999999999412 45.9336
85.699999999999406 45.9989
85.7999999999994 46.9672
85.899999999999395 46.9672
85.999999999999389 47.9368
86.099999999999383 47.9368
86.199999999999378 48.9077
86.299999999999372 48.9077
86.399999999999366 49.8797
86.499999999999361 49.8797
86.599999999999355 50.8527
86.699999999999349 50.951
86.799999999999343 51.8268
86.899999999999338 52.0579
86.999999999999332 52.8019
87.099999999999326 53.1417
87.199999999999321 53.7778
87.299999999999315 54.2039
87.399999999999309 54.7547
87.499999999999304 55.2457
87.599999999999298 55.7323
87.699999999999292 56.2681
87.799999999999287 56.7108
87.899999999999281 57.2374
87.999999999999275 57.6899
88.09999999999927 58.1733
88.199999999999264 58.6698
88.299999999999258 59.0775
88.399999999999253 59.6503
88.499999999999247 59.968
88.599999999999241 60.6315
88.699999999999235 60.7962
88.79999999999923 61.6132
88.899999999999224 61.6132
88.999999999999218 62.5316
89.099999999999213 62.5956
89.199999999999207 63.4052
89.299999999999201 63.5785
89.399999999999196 64.2513
89.49999999999919 64.5619
89.599999999999184 64.9326
89.699999999999179 65.5458
89.799999999999173 65.5458
89.899999999999167 66.44
89.999999999999162 66.5302
90.099999999999156 67.2776
90.19999999999915 67.5151
90.299999999999145 68.2956
90.399999999999139 68.5004
90.499999999999133 69.3131
90.599999999999127 69.4861
90.699999999999122 70.3301
90.799999999999116 70.4722
90.89999999999911 71.3466
90.999999999999105 71.4587
91.099999999999099 72.3627
91.199999999999093 72.5697
91.299999999999088 73.3919
91.399999999999082 73.5824
91.499999999999076 74.4069
91.599999999999071 74.6484
91.699999999999065 75.4082
91.799999999999059 75.6994
91.899999999999054 76.3964
91.999999999999048 76.736
92.099999999999042 77.3849
92.199999999999037 77.7716
92.299999999999031 78.3737
92.399999999999025 78.8317
92.499999999999019 79.3627
92.599999999999014 79.8527
92.699999999999008 80.3521
92.799999999999002 80.8855
92.899999999998997 81.3417
92.999999999998991 81.8809
93.099999999998985 82.3315
93.19999999999898 82.8884
93.299999999998974 83.3216
93.399999999998968 83.9196
93.499999999998963 84.312
93.599999999998957 84.9383
93.699999999998951 85.3025
93.799999999998946 85.9565
93.89999999999894 86.2933
93.999999999998934 86.9628
94.099999999998929 87.2957
94.199999999998923 87.9577
94.299999999998917 88.3434
94.399999999998911 88.9638
94.499999999998906 89.3676
94.5999999999989 89.9698
94.699999999998894 90.358
94.799999999998889 90.9427
94.899999999998883 91.3159
94.999999999998877 91.9053
95.099999999998872 92.2529
95.199999999998866 92.8472
95.29999999999886 93.2341
95.399999999998855 93.7583
95.499999999998849 94.2264
95.599999999998843 94.65
95.699999999998838 95.1768
95.799999999998832 95.5648
95.899999999998826 96.097
95.99999999999882 96.4502
96.099999999998815 96.9672
96.199999999998809 97.307
96.299999999998803 97.8093
96.399999999998798 98.197
96.499999999998792 98.6745
96.599999999998786 99.1296
96.699999999998781 99.4921
96.799999999998775 49.746
96.899999999998769 49.746
96.999999999998764 49.8264
97.099999999998758 50.4448
97.199999999998752 50.8202
97.299999999998747 51.485
97.399999999998741 51.8142
97.499999999998735 52.5426
97.59999999999873 52.8084
97.699999999998724 53.5793
97.799999999998718 53.84
97.899999999998712 54.5963
97.999999999998707 54.8522
98.099999999998701 55.6307
98.199999999998695 55.9355
98.29999999999869 56.6109
98.399999999998684 56.9807
98.499999999998678 57.5918
98.599999999998673 57.9898
98.699999999998667 58.5733
98.799999999998661 58.9986
98.899999999998656 59.5554
98.99999999999865 59.9905
99.099999999998644 60.5381
99.199999999998639 60.9661
99.299999999998633 60.9661
99.399999999998627 60.9661
99.499999999998622 1
99.599999999998616 1
99.69999999999861 1
99.799999999998604 1
99.899999999998599 1
99.999999999998593 1
