0 1
0.10000000000000001 1
0.20000000000000001 1
0.30000000000000004 1
0.40000000000000002 1
0.5 1
0.59999999999999998 1
0.69999999999999996 1
0.79999999999999993 1
0.89999999999999991 1
0.99999999999999989 1
1.0999999999999999 1
1.2 2
1.3 2
1.4000000000000001 4
1.5000000000000002 4
1.6000000000000003 8
1.7000000000000004 8
1.8000000000000005 16
1.9000000000000006 16
2.0000000000000004 32
2.1000000000000005 32
2.2000000000000006 64
2.3000000000000007 64
2.4000000000000008 128
2.5000000000000009 144
2.600000000000001 113
2.7000000000000011 113
2.8000000000000012 113
2.9000000000000012 113
3.0000000000000013 113
3.1000000000000014 1
3.2000000000000015 2
3.3000000000000016 2
3.4000000000000017 4
3.5000000000000018 4
3.6000000000000019 7
3.700000000000002 8
3.800000000000002 11
3.9000000000000021 12
4.0000000000000018 14
4.1000000000000014 14
4.2000000000000011 22
4.3000000000000007 28
4.4000000000000004 34
4.5 48
4.5999999999999996 51
4.6999999999999993 56.1605
4.7999999999999989 56.1605
4.8999999999999986 56.7099
4.9999999999999982 57.044
5.0999999999999979 28.522
5.1999999999999975 28.522
5.2999999999999972 28.522
5.3999999999999968 28.522
5.4999999999999964 28.522
5.5999999999999961 1
5.6999999999999957 2
5.7999999999999954 2
5.899999999999995 5
5.9999999999999947 11
6.0999999999999943 11
6.199999999999994 14.5616
6.2999999999999936 14.5616
6.3999999999999932 15.4952
6.4999999999999929 15.4952
6.5999999999999925 16.4366
6.6999999999999922 16.4366
6.7999999999999918 17.3844
6.8999999999999915 17.3844
6.9999999999999911 18.3377
7.0999999999999908 18.3377
7.1999999999999904 19.2956
7.2999999999999901 19.3475
7.3999999999999897 20.2576
7.4999999999999893 20.4543
7.599999999999989 21.223
7.6999999999999886 21.6434
7.7999999999999883 22.1915
7.8999999999999879 22.8142
7.9999999999999876 23.1626
8.0999999999999872 24.0529
8.1999999999999869 24.136
8.2999999999999865 25.1115
8.3999999999999861 25.1115
8.4999999999999858 26.0888
8.5999999999999854 26.0888
8.6999999999999851 27.0677
8.7999999999999847 27.1415
8.8999999999999844 28.0481
8.999999999999984 28.2259
9.0999999999999837 29.0298
9.1999999999999833 29.4065
9.2999999999999829 30.0127
9.3999999999999826 30.5415
9.4999999999999822 30.9967
9.5999999999999819 31.6989
9.6999999999999815 31.9504
9.7999999999999812 32.8764
9.8999999999999808 32.9068
9.9999999999999805 33.8657
10.09999999999998 33.8657
10.19999999999998 34.8269
10.299999999999979 34.8269
10.399999999999979 35.7902
10.499999999999979 35.874
10.599999999999978 36.7555
10.699999999999978 36.9184
10.799999999999978 37.7226
10.899999999999977 37.9868
10.999999999999977 38.6913
11.099999999999977 39.026
11.199999999999976 39.6616
11.299999999999976 40.0881
11.399999999999975 40.6333
11.499999999999975 41.1227
11.599999999999975 41.6064
11.699999999999974 42.1557
11.799999999999974 42.5807
11.899999999999974 43.1871
11.999999999999973 43.5561
12.099999999999973 44.1945
12.199999999999973 44.5327
12.299999999999972 45.1572
12.399999999999972 45.5102
12.499999999999972 46.0998
12.599999999999971 46.4887
12.699999999999971 47.0023
12.799999999999971 47.4681
12.89999999999997 47.7831
12.99999999999997 48.4483
13.099999999999969 48.6338
13.199999999999969 49.4294
13.299999999999969 49.5102
13.399999999999968 50.4111
13.499999999999968 50.431
13.599999999999968 51.2181
13.699999999999967 51.3936
13.799999999999967 51.9549
13.899999999999967 52.3767
13.999999999999966 52.6624
14.099999999999966 26.4638
14.199999999999966 26.4638
14.299999999999965 26.4638
14.399999999999965 26.4638
14.499999999999964 26.5393
14.599999999999964 26.8393
14.699999999999964 27.5022
14.799999999999963 28.0427
14.899999999999963 28.4676
14.999999999999963 29.2307
15.099999999999962 29.4353
15.199999999999962 30.4051
15.299999999999962 30.4051
15.399999999999961 31.3768
15.499999999999961 31.3768
15.599999999999961 32.3502
15.69999999999996 32.3502
15.79999999999996 33.3251
15.899999999999959 33.3551
15.999999999999959 34.3015
16.099999999999959 34.3889
16.19999999999996 35.2792
16.299999999999962 35.4207
16.399999999999963 36.2581
16.499999999999964 36.4781
16.599999999999966 37.2381
16.699999999999967 37.5857
16.799999999999969 38.2191
16.89999999999997 38.6615
16.999999999999972 39.2011
17.099999999999973 39.683
17.199999999999974 40.184
17.299999999999976 40.6542
17.399999999999977 41.1676
17.499999999999979 41.5546
17.59999999999998 42.1521
17.699999999999982 42.4123
17.799999999999983 43.1372
17.899999999999984 43.3223
17.999999999999986 44.1231
18.099999999999987 44.2363
18.199999999999989 45.1095
18.29999999999999 45.176
18.399999999999991 46.0965
18.499999999999993 46.0965
18.599999999999994 46.9138
18.699999999999996 47.0841
18.799999999999997 47.4649
18.899999999999999 48.0721
19 48.2797
19.100000000000001 24.2432
19.200000000000003 24.2432
19.300000000000004 23.2432
19.400000000000006 23.2432
19.500000000000007 24.3257
19.600000000000009 24.6932
19.70000000000001 25.2938
19.800000000000011 25.7642
19.900000000000013 26.2643
20.000000000000014 26.867
20.100000000000016 27.2369
20.200000000000017 28.0692
20.300000000000018 28.2115
20.40000000000002 29.1877
20.500000000000021 29.2562
20.600000000000023 30.1654
20.700000000000024 30.2648
20.800000000000026 31.1446
20.900000000000027 31.3048
21.000000000000028 32.125
21.10000000000003 32.3732
21.200000000000031 33.1066
21.300000000000033 33.4373
21.400000000000034 34.0892
21.500000000000036 34.5266
21.600000000000037 35.0728
21.700000000000038 35.6107
21.80000000000004 36.0573
21.900000000000041 36.6899
22.000000000000043 37.0966
22.100000000000044 37.8177
22.200000000000045 38.0813
22.300000000000047 38.9128
22.400000000000048 39.0924
22.50000000000005 39.9529
22.600000000000051 40.0779
22.700000000000053 40.9177
22.800000000000054 41.0641
22.900000000000055 41.8841
23.000000000000057 42.051
23.100000000000058 42.782
23.20000000000006 43.0385
23.300000000000061 43.6615
23.400000000000063 44.0038
23.500000000000064 44.5235
23.600000000000065 44.9261
23.700000000000067 45.4132
23.800000000000068 45.8298
23.90000000000007 46.2426
24.000000000000071 46.8016
24.100000000000072 47.1423
24.200000000000074 47.7746
24.300000000000075 48.0252
24.400000000000077 48.646
24.500000000000078 48.8921
24.60000000000008 49.4211
24.700000000000081 49.7439
24.800000000000082 50.3037
24.900000000000084 50.8181
25.000000000000085 51.3857
25.100000000000087 51.8121
25.200000000000088 52.4453
25.30000000000009 52.8442
25.400000000000091 53.54
25.500000000000092 53.8937
25.600000000000094 54.6127
25.700000000000095 54.9778
25.800000000000097 55.5928
25.900000000000098 56.023
26.000000000000099 56.5737
26.100000000000101 57.0315
26.200000000000102 57.5552
26.300000000000104 58.0569
26.400000000000105 58.5373
26.500000000000107 59.0477
26.600000000000108 59.52
26.700000000000109 60.0387
26.800000000000111 60.5033
26.900000000000112 61.03
27.000000000000114 61.4871
27.100000000000115 61.9893
27.200000000000117 62.4714
27.300000000000118 62.8704
27.400000000000119 63.4563
27.500000000000121 63.7864
27.600000000000122 64.3794
27.700000000000124 64.6585
27.800000000000125 65.1976
27.900000000000126 65.5647
28.000000000000128 66.0813
28.100000000000129 66.4586
28.200000000000131 66.9981
28.300000000000132 67.4
28.400000000000134 67.7994
28.500000000000135 33.8997
28.600000000000136 33.8997
28.700000000000138 1
28.800000000000139 1
28.900000000000141 2
29.000000000000142 2
29.100000000000144 3
29.200000000000145 3
29.300000000000146 4
29.400000000000148 4
29.500000000000149 10
29.600000000000151 10
29.700000000000152 16.2486
29.800000000000153 16.2486
29.900000000000155 17.2068
30.000000000000156 17.2068
30.100000000000158 18.1694
30.200000000000159 18.1694
30.300000000000161 19.1358
30.400000000000162 19.1358
30.500000000000163 20.1054
30.600000000000165 20.1054
30.700000000000166 21.0779
30.800000000000168 21.0779
30.900000000000169 22.0527
31.000000000000171 22.0527
31.100000000000172 23.0296
31.200000000000173 23.0296
31.300000000000175 24.0085
31.400000000000176 24.0085
31.500000000000178 24.4627
31.600000000000179 24.9889
31.70000000000018 25.1088
31.800000000000182 25.9323
31.900000000000183 25.9323
32.000000000000185 26.8797
32.100000000000186 26.8797
32.200000000000188 13.789
32.300000000000189 13.789
32.40000000000019 13.789
32.500000000000192 13.789
32.600000000000193 13.789
32.700000000000195 1
32.800000000000196 1
32.900000000000198 4
33.000000000000199 6.16667
33.1000000000002 6.48684
33.200000000000202 7.22412
33.300000000000203 7.36254
33.400000000000205 8.14301
33.500000000000206 8.26582
33.600000000000207 9.07844
33.700000000000209 9.18859
33.80000000000021 10.0259
33.900000000000212 10.1256
34.000000000000213 11.0733
34.100000000000215 11.0733
34.200000000000216 12.0292
34.300000000000217 12.0292
34.400000000000219 12.9915
34.50000000000022 12.9915
34.600000000000222 13.8869
34.700000000000223 13.8869
34.800000000000225 14.7956
34.900000000000226 14.7956
35.000000000000227 15.6514
35.100000000000229 15.7152
35.20000000000023 16.4625
35.300000000000232 16.6441
35.400000000000233 17.4089
35.500000000000234 17.5807
35.600000000000236 18.1966
35.700000000000237 18.5239
35.800000000000239 18.8454
35.90000000000024 19.4726
36.000000000000242 19.6263
36.100000000000243 20.4262
36.200000000000244 20.4262
36.300000000000246 21.2431
36.400000000000247 21.384
36.500000000000249 10.9921
36.60000000000025 10.9921
36.700000000000252 11.0831
36.800000000000253 11.0831
36.900000000000254 12.0382
37.000000000000256 12.0382
37.100000000000257 12.9998
37.200000000000259 12.9998
37.30000000000026 13.8947
37.400000000000261 13.8947
37.500000000000263 14.8029
37.600000000000264 14.8029
37.700000000000266 15.7221
37.800000000000267 15.7857
37.900000000000269 16.6506
38.00000000000027 17.0666
38.100000000000271 17.5869
38.200000000000273 18.2575
38.300000000000274 18.5297
38.400000000000276 19.4782
38.500000000000277 19.4782
38.600000000000279 20.4315
38.70000000000028 20.4315
38.800000000000281 21.3891
38.900000000000283 21.3891
39.000000000000284 22.3503
39.100000000000286 22.3503
39.200000000000287 23.3148
39.300000000000288 23.3148
39.40000000000029 24.2821
39.500000000000291 24.4054
39.600000000000293 25.2519
39.700000000000294 25.4886
39.800000000000296 26.224
39.900000000000297 26.6029
40.000000000000298 27.1981
40.1000000000003 27.7083
40.200000000000301 28.1739
40.300000000000303 28.9793
40.400000000000304 29.1514
40.500000000000306 30.1303
40.600000000000307 30.1303
40.700000000000308 31.1106
40.80000000000031 31.1748
40.900000000000311 32.092
41.000000000000313 32.2475
41.100000000000314 33.0746
41.200000000000315 33.2857
41.300000000000317 34.0582
41.400000000000318 34.3798
41.50000000000032 35.0427
41.600000000000321 35.4401
41.700000000000323 36.028
41.800000000000324 36.497
41.900000000000325 37.0141
42.000000000000327 37.5507
42.100000000000328 38.0009
42.20000000000033 38.5757
42.300000000000331 39.014
42.400000000000333 39.5741
42.500000000000334 40.0015
42.600000000000335 40.5232
42.700000000000337 40.9163
42.800000000000338 41.4748
42.90000000000034 41.8828
43.000000000000341 42.4049
43.100000000000342 42.8508
43.200000000000344 43.292
43.300000000000345 43.8202
43.400000000000347 44.1839
43.500000000000348 44.791
43.60000000000035 45.1025
43.700000000000351 45.763
43.800000000000352 46.0463
43.900000000000354 46.5862
44.000000000000355 46.8645
44.100000000000357 47.3739
44.200000000000358 47.7105
44.30000000000036 23.9181
44.400000000000361 23.9181
44.500000000000362 23.9181
44.600000000000364 1
44.700000000000365 1
44.800000000000367 2
44.900000000000368 2
45.000000000000369 3
45.100000000000371 4
45.200000000000372 4
45.300000000000374 10
45.400000000000375 10
45.500000000000377 11.7928
45.600000000000378 11.7928
45.700000000000379 12.6942
45.800000000000381 12.6942
45.900000000000382 13.6093
46.000000000000384 13.6093
46.100000000000385 14.5355
46.200000000000387 14.5355
46.300000000000388 15.4707
46.400000000000389 15.4707
46.500000000000391 16.4135
46.600000000000392 16.4135
46.700000000000394 17.3625
46.800000000000395 17.3625
46.900000000000396 18.317
47.000000000000398 18.317
47.100000000000399 19.276
47.200000000000401 19.276
47.300000000000402 20.2389
47.400000000000404 20.2389
47.500000000000405 21.063
47.600000000000406 21.2051
47.700000000000408 21.4865
47.800000000000409 22.1744
47.900000000000411 22.2195
48.000000000000412 23.1462
48.100000000000414 23.1462
48.200000000000415 24.1203
48.300000000000416 24.1203
48.400000000000418 24.9363
48.500000000000419 24.9363
48.600000000000421 12.4682
48.700000000000422 12.4682
48.800000000000423 12.4682
48.900000000000425 12.4682
49.000000000000426 13.3988
49.100000000000428 13.3988
49.200000000000429 14.3386
49.300000000000431 14.4777
49.400000000000432 15.2859
49.500000000000433 15.4165
49.600000000000435 16.2395
49.700000000000436 16.545
49.800000000000438 17.1982
49.900000000000439 17.7711
50.000000000000441 18.1613
50.100000000000442 19.0757
50.200000000000443 19.1281
50.300000000000445 20.0981
50.400000000000446 20.0981
50.500000000000448 21.0709
50.600000000000449 21.0709
50.70000000000045 22.046
50.800000000000452 22.046
50.900000000000453 23.0232
51.000000000000455 23.11
51.100000000000456 24.0023
51.200000000000458 24.0856
51.300000000000459 24.983
51.40000000000046 25.063
51.500000000000462 25.9266
51.600000000000463 26.0805
51.700000000000465 26.8742
51.800000000000466 27.1336
51.900000000000468 27.8255
52.000000000000469 28.1828
52.10000000000047 28.7801
52.200000000000472 29.2628
52.300000000000473 29.7376
52.400000000000475 30.3042
52.500000000000476 30.6978
52.600000000000477 31.311
52.700000000000479 31.6605
52.80000000000048 32.2553
52.900000000000482 32.6254
53.000000000000483 33.1728
53.100000000000485 33.5924
53.200000000000486 34.0949
53.300000000000487 34.5612
53.400000000000489 35.0213
53.50000000000049 35.5317
53.600000000000492 35.8401
53.700000000000493 36.5038
53.800000000000495 36.6952
53.900000000000496 37.4774
54.000000000000497 37.6372
54.100000000000499 38.4003
54.2000000000005 38.5563
54.300000000000502 39.1229
54.400000000000503 39.4539
54.500000000000504 39.9577
54.600000000000506 40.4058
54.700000000000507 40.6773
54.800000000000509 41.3843
54.90000000000051 41.6493
55.000000000000512 42.3637
55.100000000000513 42.5756
55.200000000000514 43.344
55.300000000000516 43.5052
55.400000000000517 44.3252
55.500000000000519 44.5503
55.60000000000052 45.3072
55.700000000000522 45.5714
55.800000000000523 46.29
55.900000000000524 46.5486
56.000000000000526 47.2736
56.100000000000527 47.5057
56.200000000000529 48.2577
56.30000000000053 48.4233
56.400000000000531 49.2019
56.500000000000533 49.3643
56.600000000000534 50.1283
56.700000000000536 50.3076
56.800000000000537 50.9398
56.900000000000539 51.2335
57.00000000000054 51.6999
57.100000000000541 52.2005
57.200000000000543 52.5061
57.300000000000544 53.1875
57.400000000000546 53.3564
57.500000000000547 26.995
57.600000000000549 26.995
57.70000000000055 26.995
57.800000000000551 26.995
57.900000000000553 26.995
58.000000000000554 1
58.100000000000556 4
58.200000000000557 4
58.300000000000558 8
58.40000000000056 9
58.500000000000561 13.2294
58.600000000000563 13.3802
58.700000000000564 14.3212
58.800000000000566 14.4605
58.900000000000567 15.2696
59.000000000000568 15.4003
59.10000000000057 16.2241
59.200000000000571 16.4083
59.300000000000573 17.1837
59.400000000000574 17.6439
59.500000000000576 18.1476
59.600000000000577 18.9573
59.700000000000578 19.1151
59.80000000000058 19.9858
59.900000000000581 20.0857
60.000000000000583 20.9159
60.100000000000584 21.059
60.200000000000585 21.8522
60.300000000000587 22.0347
60.400000000000588 22.7939
60.50000000000059 23.0124
60.600000000000591 23.7403
60.700000000000593 23.992
60.800000000000594 24.6909
60.900000000000595 24.933
61.000000000000597 25.6453
61.100000000000598 25.8784
61.2000000000006 26.603
61.300000000000601 26.8277
61.400000000000603 27.3083
61.500000000000604 27.7806
61.600000000000605 28.1029
61.700000000000607 28.7366
61.800000000000608 28.9448
61.90000000000061 29.5266
62.000000000000611 29.8971
62.100000000000612 30.4607
62.200000000000614 30.6571
62.300000000000615 31.303
62.400000000000617 15.6515
62.500000000000618 15.6515
62.60000000000062 1
62.700000000000621 1
62.800000000000622 2
62.900000000000624 2
63.000000000000625 3
63.100000000000627 3
63.200000000000628 4
63.30000000000063 4
63.400000000000631 7.42017
63.500000000000632 7.42017
63.600000000000634 8.31709
63.700000000000635 8.31709
63.800000000000637 9.23468
63.900000000000638 9.23468
64.000000000000639 10.1674
64.100000000000634 10.1674
64.200000000000628 11.1115
64.300000000000622 11.1115
64.400000000000617 12.0643
64.500000000000611 12.0643
64.600000000000605 13.024
64.7000000000006 13.024
64.800000000000594 13.9891
64.900000000000588 13.9891
65.000000000000583 14.8916
65.100000000000577 14.8916
65.200000000000571 15.0921
65.300000000000566 15.8057
65.40000000000056 15.8057
65.500000000000554 16.7295
65.600000000000549 16.7295
65.700000000000543 8.68783
65.800000000000537 8.68783
65.900000000000531 8.68783
66.000000000000526 1
66.10000000000052 1
66.200000000000514 2
66.300000000000509 2
66.400000000000503 4
66.500000000000497 4.92064
66.600000000000492 4.92064
66.700000000000486 5.68862
66.80000000000048 5.68862
66.900000000000475 6.51909
67.000000000000469 6.51909
67.100000000000463 7.3909
67.200000000000458 7.3909
67.300000000000452 8.29104
67.400000000000446 8.29104
67.500000000000441 9.21125
67.600000000000435 9.21125
67.700000000000429 10.1462
67.800000000000423 10.2447
67.900000000000418 11.0921
68.000000000000412 11.4484
68.100000000000406 12.0464
68.200000000000401 12.6953
68.300000000000395 13.0075
68.400000000000389 13.9737
68.500000000000384 13.9737
68.600000000000378 14.8771
68.700000000000372 14.8771
68.800000000000367 15.792
68.900000000000361 15.792
69.000000000000355 16.7166
69.10000000000035 16.7166
69.200000000000344 17.6494
69.300000000000338 17.6494
69.400000000000333 18.589
69.500000000000327 18.589
69.600000000000321 19.5346
69.700000000000315 19.6878
69.80000000000031 20.4853
69.900000000000304 20.9206
70.000000000000298 21.4405
70.100000000000293 21.9936
70.200000000000287 22.3995
70.300000000000281 23.0166
70.400000000000276 23.3619
70.50000000000027 24.0377
70.600000000000264 24.3274
70.700000000000259 24.9769
70.800000000000253 25.2955
70.900000000000247 25.8434
71.000000000000242 26.2659
71.100000000000236 26.6442
71.20000000000023 27.2385
71.300000000000225 27.4215
71.400000000000219 28.2129
71.500000000000213 28.2484
71.600000000000207 29.1891
71.700000000000202 29.1891
71.800000000000196 30.1668
71.90000000000019 30.1668
72.000000000000185 31.1138
72.100000000000179 31.1459
72.200000000000173 31.6241
72.300000000000168 32.1263
72.400000000000162 32.2506
72.500000000000156 16.1253
72.600000000000151 16.1253
72.700000000000145 16.1253
72.800000000000139 16.1253
72.900000000000134 16.1253
73.000000000000128 1
73.100000000000122 2
73.200000000000117 2
73.300000000000111 3
73.400000000000105 8
73.500000000000099 8
73.600000000000094 8.95059
73.700000000000088 8.95059
73.800000000000082 9.80842
73.900000000000077 9.80842
74.000000000000071 10.6907
74.100000000000065 10.6907
74.20000000000006 11.5919
74.300000000000054 11.5919
74.400000000000048 12.508
74.500000000000043 12.508
74.600000000000037 13.4358
74.700000000000031 13.4358
74.800000000000026 14.3732
74.90000000000002 14.4428
75.000000000000014 15.3184
75.100000000000009 15.5778
75.200000000000003 16.27
75.299999999999997 16.815
75.399999999999991 17.227
75.499999999999986 18.1886
75.59999999999998 18.1886
75.699999999999974 19.154
75.799999999999969 19.154
75.899999999999963 20.1228
75.999999999999957 20.1228
76.099999999999952 21.0944
76.199999999999946 21.0944
76.29999999999994 22.0685
76.399999999999935 22.0685
76.499999999999929 23.0448
76.599999999999923 23.0448
76.699999999999918 24.023
76.799999999999912 24.023
76.899999999999906 25.0029
76.999999999999901 25.0029
77.099999999999895 25.9843
77.199999999999889 25.9843
77.299999999999883 26.9299
77.399999999999878 26.9299
77.499999999999872 27.7714
77.599999999999866 27.8792
77.699999999999861 28.4477
77.799999999999855 28.832
77.899999999999849 29.177
77.999999999999844 29.7879
78.099999999999838 30.0221
78.199999999999832 30.7465
78.299999999999827 30.7791
78.399999999999821 15.6474
78.499999999999815 15.6474
78.59999999999981 15.6474
78.699999999999804 1
78.799999999999798 1
78.899999999999793 2
78.999999999999787 2
79.099999999999781 3
79.199999999999775 3
79.29999999999977 7.14286
79.399999999999764 7.9453
79.499999999999758 8.07116
79.599999999999753 8.78802
79.699999999999747 9.01415
79.799999999999741 9.66047
79.899999999999736 9.96775
79.99999999999973 10.5553
80.099999999999724 10.837
80.199999999999719 11.4672
80.299999999999713 11.7269
80.399999999999707 12.3925
80.499999999999702 12.6331
80.599999999999696 13.4035
80.69999999999969 13.5523
80.799999999999685 14.4821
80.899999999999679 14.4821
80.999999999999673 15.4206
81.099999999999667 15.6143
81.199999999999662 16.3662
81.299999999999656 16.7893
81.39999999999965 17.3179
81.499999999999645 18.1095
81.599999999999639 18.2747
81.699999999999633 19.079
81.799999999999628 19.2358
81.899999999999622 20.0514
81.999999999999616 20.2006
82.099999999999611 21.0263
82.199999999999605 21.1686
82.299999999999599 22.0034
82.399999999999594 22.1395
82.499999999999588 22.9825
82.599999999999582 23.1127
82.699999999999577 23.9214
82.799999999999571 24.0882
82.899999999999565 24.8651
82.999999999999559 25.0655
83.099999999999554 25.813
83.199999999999548 26.0446
83.299999999999542 26.7272
83.399999999999537 27.0251
83.499999999999531 27.3929
83.599999999999525 28.007
83.69999999999952 28.2205
83.799999999999514 28.7823
83.899999999999508 29.059
83.999999999999503 29.6386
84.099999999999497 29.9409
84.199999999999491 30.602
84.299999999999486 30.8948
84.39999999999948 31.4723
84.499999999999474 15.7521
84.599999999999469 15.7521
84.699999999999463 15.8155
84.799999999999457 16.1912
84.899999999999451 16.7388
84.999999999999446 17.4422
85.09999999999944 17.6704
85.199999999999434 18.501
85.299999999999429 18.609
85.399999999999423 19.4509
85.499999999999417 19.5536
85.599999999999412 20.4056
85.699999999999406 20.5034
85.7999999999994 21.4578
85.899999999999395 21.5509
85.999999999999389 22.4161
86.099999999999383 22.6824
86.199999999999378 23.3778
86.299999999999372 23.9697
86.399999999999366 24.3426
86.499999999999361 25.1515
86.599999999999355 25.3101
86.699999999999349 26.2038
86.799999999999343 26.28
86.899999999999338 27.1785
86.999999999999332 27.2521
87.099999999999326 28.1551
87.199999999999321 28.2261
87.299999999999315 29.2018
87.399999999999309 29.236
87.499999999999304 30.1791
87.599999999999298 30.2784
87.699999999999292 31.1578
87.799999999999287 31.286
87.899999999999281 32.1378
87.999999999999275 32.2931
88.09999999999927 33.119
88.199999999999264 33.2697
88.299999999999258 34.1013
88.399999999999253 34.2477
88.499999999999247 35.0846
88.599999999999241 35.1985
88.699999999999235 36.0688
88.79999999999923 36.1242
88.899999999999224 37.0538
88.999999999999218 37.0538
89.099999999999213 37.8815
89.199999999999207 38.0396
89.299999999999201 38.6138
89.399999999999196 39.0261
89.49999999999919 39.4087
89.599999999999184 40.0133
89.699999999999179 40.2128
89.799999999999173 41.001
89.899999999999167 41.0742
89.999999999999162 20.8393
90.099999999999156 20.8393
90.19999999999915 20.8393
90.299999999999145 20.8393
90.399999999999139 20.8393
90.499999999999133 20.9351
90.599999999999127 21.8706
90.699999999999122 21.8706
90.799999999999116 22.8115
90.89999999999911 22.8115
90.999999999999105 23.7572
91.099999999999099 23.7993
91.199999999999093 24.7072
91.299999999999088 25.109
91.399999999999082 25.6609
91.499999999999076 26.2394
91.599999999999071 26.618
91.699999999999065 27.3962
91.799999999999059 27.5782
91.899999999999054 28.541
91.999999999999048 28.541
92.099999999999042 29.5063
92.199999999999037 29.5063
92.299999999999031 30.4739
92.399999999999025 30.4739
92.499999999999019 31.4434
92.599999999999014 31.4434
92.699999999999008 32.4148
92.799999999999002 32.4764
92.899999999998997 33.3878
92.999999999998991 33.5373
93.099999999998985 34.3624
93.19999999999898 34.5945
93.299999999998974 35.3384
93.399999999998968 35.6765
93.499999999998963 36.3157
93.599999999998957 36.7538
93.699999999998951 37.2942
93.799999999998946 37.8533
93.89999999999894 38.2738
93.999999999998934 38.9731
94.099999999998929 39.2799
94.199999999998923 40.1364
94.299999999998917 40.2857
94.399999999998911 41.2184
94.499999999998906 41.2912
94.5999999999989 42.2017
94.699999999998894 42.2964
94.799999999998889 43.1857
94.899999999998883 43.3014
94.999999999998877 44.1704
95.099999999998872 44.2835
95.199999999998866 45.1558
95.29999999999886 45.2443
95.399999999998855 46.1419
95.499999999998849 46.1852
95.599999999998843 47.1072
95.699999999998838 47.1497
95.799999999998832 47.8864
95.899999999998826 48.1156
95.99999999999882 48.6942
96.099999999998815 49.1033
96.199999999998809 49.4686
96.299999999998803 50.0914
96.399999999998798 50.3106
96.499999999998792 51.0801
96.599999999998786 51.1388
96.699999999998781 52.0691
96.799999999998775 52.0883
96.899999999998769 26.0729
96.999999999998764 26.0729
97.099999999998758 26.0729
97.199999999998752 26.0729
97.299999999998747 26.8296
97.399999999998741 27.0154
97.499999999998735 27.7824
97.59999999999873 28.1047
97.699999999998724 28.7384
97.799999999998718 29.0845
97.899999999998712 29.6973
97.999999999998707 30.0656
98.099999999998701 30.6588
98.199999999998695 31.0479
98.29999999999869 31.6543
98.399999999998684 32.2492
98.499999999998678 32.65
98.599999999998673 33.4671
98.699999999998667 33.646
98.799999999998661 34.5265
98.899999999998656 34.6711
98.99999999999865 35.498
99.099999999998644 35.6947
99.199999999998639 36.471
99.299999999998633 36.471
99.399999999998627 36.471
99.499999999998622 1
99.599999999998616 1
99.69999999999861 1
99.799999999998604 1
99.899999999998599 1
99.999999999998593 1
