0 1
0.10000000000000001 1
0.20000000000000001 1
0.30000000000000004 1
0.40000000000000002 1
0.5 1
0.59999999999999998 1
0.69999999999999996 1
0.79999999999999993 1
0.89999999999999991 1
0.99999999999999989 1
1.0999999999999999 1
1.2 2
1.3 2
1.4000000000000001 4
1.5000000000000002 4
1.6000000000000003 8
1.7000000000000004 8
1.8000000000000005 16
1.9000000000000006 16
2.0000000000000004 32
2.1000000000000005 32
2.2000000000000006 64
2.3000000000000007 64
2.4000000000000008 98
2.5000000000000009 1
2.600000000000001 1
2.7000000000000011 2
2.8000000000000012 2
2.9000000000000012 3
3.0000000000000013 3
3.1000000000000014 5
3.2000000000000015 5
3.3000000000000016 8
3.4000000000000017 9
3.5000000000000018 13
3.6000000000000019 16
3.700000000000002 16
3.800000000000002 20
3.9000000000000021 25
4.0000000000000018 31
4.1000000000000014 39
4.2000000000000011 48
4.3000000000000007 49.5884
4.4000000000000004 50.0102
4.5 50.5671
4.5999999999999996 51.1375
4.6999999999999993 51.5466
4.7999999999999989 52.0294
4.8999999999999986 52.5268
4.9999999999999982 52.9252
5.0999999999999979 53.5078
5.1999999999999975 53.8061
5.2999999999999972 54.4895
5.3999999999999968 54.6178
5.4999999999999964 55.4718
5.5999999999999961 55.5079
5.6999999999999957 56.4548
5.7999999999999954 56.4548
5.899999999999995 57.4383
5.9999999999999947 57.4383
6.0999999999999943 58.1994
6.199999999999994 58.4224
6.2999999999999936 58.8828
6.3999999999999932 59.407
6.4999999999999929 59.5247
6.5999999999999925 60.3921
6.6999999999999922 60.6235
6.7999999999999918 61.3777
6.8999999999999915 61.7514
6.9999999999999911 62.3638
7.0999999999999908 62.8749
7.1999999999999904 63.3503
7.2999999999999901 63.9786
7.3999999999999897 64.3372
7.4999999999999893 65.1098
7.599999999999989 65.3245
7.6999999999999886 66.1914
7.7999999999999883 66.3122
7.8999999999999879 67.2705
7.9999999999999876 67.3002
8.0999999999999872 68.1567
8.1999999999999869 68.2886
8.2999999999999865 69.1473
8.3999999999999861 69.2773
8.4999999999999858 70.0811
8.5999999999999854 70.2664
8.6999999999999851 70.9744
8.7999999999999847 71.2557
8.8999999999999844 71.8428
8.999999999999984 72.2453
9.0999999999999837 72.6732
9.1999999999999833 73.2353
9.2999999999999829 73.4943
9.3999999999999826 74.2254
9.4999999999999822 74.4004
9.5999999999999819 75.2159
9.6999999999999815 75.3222
9.7999999999999812 76.0884
9.8999999999999808 76.2066
9.9999999999999805 76.7688
10.09999999999998 77.1975
10.19999999999998 77.4949
10.299999999999979 1
10.399999999999979 1
10.499999999999979 2
10.599999999999978 2
10.699999999999978 4
10.799999999999978 4
10.899999999999977 8
10.999999999999977 8
11.099999999999977 16
11.199999999999976 16
11.299999999999976 32
11.399999999999975 35
11.499999999999975 39.636
11.599999999999975 40.0128
11.699999999999974 40.6084
11.799999999999974 41.2196
11.899999999999974 41.582
11.999999999999973 42.392
12.099999999999973 42.5569
12.199999999999973 43.4869
12.299999999999972 43.5329
12.399999999999972 44.5099
12.499999999999972 44.5099
12.599999999999971 45.488
12.699999999999971 45.488
12.799999999999971 46.4454
12.89999999999997 46.4669
12.99999999999997 47.3835
13.099999999999969 47.4468
13.199999999999969 48.2205
13.299999999999969 48.4274
13.399999999999968 49.0023
13.499999999999968 49.4089
13.599999999999968 49.7719
13.699999999999967 50.391
13.799999999999967 50.5694
13.899999999999967 51.3739
13.999999999999966 51.4128
14.099999999999966 52.3574
14.199999999999966 52.3574
14.299999999999965 53.2476
14.399999999999965 53.3415
14.499999999999964 53.8825
14.599999999999964 54.3262
14.699999999999964 54.5833
14.799999999999963 1
14.899999999999963 1
14.999999999999963 2
15.099999999999962 2
15.199999999999962 4
15.299999999999962 8
15.399999999999961 8
15.499999999999961 16
15.599999999999961 16
15.69999999999996 27.1847
15.79999999999996 27.1847
15.899999999999959 28.161
15.999999999999959 28.161
16.099999999999959 29.1389
16.19999999999996 29.1389
16.299999999999962 30.1183
16.399999999999963 30.1183
16.499999999999964 31.0989
16.599999999999966 31.0989
16.699999999999967 32.0807
16.799999999999969 32.0807
16.89999999999997 33.0636
16.999999999999972 33.0636
17.099999999999973 34.0475
17.199999999999974 34.0475
17.299999999999976 35.0323
17.399999999999977 35.0893
17.499999999999979 36.0179
17.59999999999998 36.1565
17.699999999999982 37.0043
17.799999999999983 37.2468
17.899999999999984 37.9913
17.999999999999986 38.3321
18.099999999999987 38.9534
18.199999999999989 39.3621
18.29999999999999 39.9173
18.399999999999991 40.3659
18.499999999999993 40.8829
18.599999999999994 41.321
18.699999999999996 41.8502
18.799999999999997 42.2546
18.899999999999999 42.8189
19 43.1447
19.100000000000001 43.7891
19.200000000000003 44.085
19.300000000000004 44.7605
19.400000000000006 44.8721
19.500000000000007 45.7332
19.600000000000009 45.7332
19.70000000000001 46.5784
19.800000000000011 46.707
19.900000000000013 47.3663
20.000000000000014 47.682
20.100000000000016 48.162
20.200000000000017 48.6579
20.300000000000018 48.9448
20.40000000000002 49.6348
20.500000000000021 49.675
20.600000000000023 1
20.700000000000024 1
20.800000000000026 2
20.900000000000027 2
21.000000000000028 4
21.10000000000003 4
21.200000000000031 8
21.300000000000033 8
21.400000000000034 16
21.500000000000036 24.2489
21.600000000000037 24.3313
21.700000000000038 25.2993
21.80000000000004 25.2993
21.900000000000041 26.2696
22.000000000000043 26.2696
22.100000000000044 27.242
22.200000000000045 27.242
22.300000000000047 28.2163
22.400000000000048 28.2163
22.50000000000005 29.1924
22.600000000000051 29.1924
22.700000000000053 30.17
22.800000000000054 30.17
22.900000000000055 31.149
23.000000000000057 31.149
23.100000000000058 32.1293
23.20000000000006 32.2536
23.300000000000061 33.1108
23.400000000000063 33.3516
23.500000000000064 34.0933
23.600000000000065 34.4436
23.700000000000067 35.0768
23.800000000000068 35.5302
23.90000000000007 36.0612
24.000000000000071 36.6118
24.100000000000072 37.0464
24.200000000000074 37.6358
24.300000000000075 38.0324
24.400000000000077 38.7102
24.500000000000078 39.0191
24.60000000000008 39.7304
24.700000000000081 40.0064
24.800000000000082 40.7496
24.900000000000084 40.9943
25.000000000000085 41.7439
25.100000000000087 41.959
25.200000000000088 42.6916
25.30000000000009 42.9253
25.400000000000091 43.5958
25.500000000000092 43.8931
25.600000000000094 44.5041
25.700000000000095 44.8623
25.800000000000097 45.3722
25.900000000000098 45.8328
26.000000000000099 46.2456
26.100000000000101 46.8046
26.200000000000102 47.124
26.300000000000104 47.7775
26.400000000000105 48.0072
26.500000000000107 48.6899
26.600000000000108 48.7925
26.700000000000109 49.4441
26.800000000000111 49.7265
26.900000000000112 50.2468
27.000000000000114 50.7025
27.100000000000115 1
27.200000000000117 1
27.300000000000118 2
27.400000000000119 2
27.500000000000121 3
27.600000000000122 3
27.700000000000124 4
27.800000000000125 4
27.900000000000126 10
28.000000000000128 10
28.100000000000129 20
28.200000000000131 20
28.300000000000132 25.5934
28.400000000000134 25.5934
28.500000000000135 26.553
28.600000000000136 26.553
28.700000000000138 27.5154
28.800000000000139 27.5154
28.900000000000141 28.4804
29.000000000000142 28.4804
29.100000000000144 29.1059
29.200000000000145 29.4476
29.300000000000146 29.6508
29.400000000000148 30.417
29.500000000000149 30.417
29.600000000000151 31.3883
29.700000000000152 31.3883
29.800000000000153 32.3614
29.900000000000155 32.3614
30.000000000000156 33.336
30.100000000000158 33.336
30.200000000000159 33.6942
30.300000000000161 34.3121
30.400000000000162 34.3121
30.500000000000163 35.2894
30.600000000000165 35.3744
30.700000000000166 36.2681
30.800000000000168 36.4881
30.900000000000169 37.2478
31.000000000000171 37.7016
31.100000000000172 38.2286
31.200000000000173 38.9544
31.300000000000175 39.2103
31.400000000000176 40.193
31.500000000000178 40.193
31.600000000000179 41.1764
31.70000000000018 41.1764
31.800000000000182 41.8989
31.900000000000183 42.1607
32.000000000000185 43.0063
32.100000000000186 43.1456
32.200000000000188 44.1086
32.300000000000189 44.1313
32.40000000000019 45.1175
32.500000000000192 45.1175
32.600000000000193 46.1044
32.700000000000195 46.1044
32.800000000000196 46.9641
32.900000000000198 47.0918
33.000000000000199 47.8294
33.1000000000002 48.0797
33.200000000000202 48.6381
33.300000000000203 49.0681
33.400000000000205 49.4741
33.500000000000206 50.0569
33.600000000000207 50.2762
33.700000000000209 51.0462
33.80000000000021 51.1049
33.900000000000212 52.0359
34.000000000000213 52.0359
34.100000000000215 52.9316
34.200000000000216 53.026
34.300000000000217 53.6075
34.400000000000219 54.0164
34.50000000000022 54.3118
34.600000000000222 1
34.700000000000223 1
34.800000000000225 2
34.900000000000226 2
35.000000000000227 3
35.100000000000229 3
35.20000000000023 7
35.300000000000232 7
35.400000000000233 14
35.500000000000234 14
35.600000000000236 27.037
35.700000000000237 27.037
35.800000000000239 28.0185
35.90000000000024 28.0185
36.000000000000242 29.0012
36.100000000000243 29.0012
36.200000000000244 29.9851
36.300000000000246 29.9851
36.400000000000247 30.9376
36.500000000000249 31.3871
36.60000000000025 31.8931
36.700000000000252 32.7291
36.800000000000253 32.8511
36.900000000000254 33.8116
37.000000000000256 33.8116
37.100000000000257 34.7743
37.200000000000259 34.7743
37.30000000000026 35.7391
37.400000000000261 35.7391
37.500000000000263 36.7057
37.600000000000264 36.7057
37.700000000000266 37.674
37.800000000000267 37.674
37.900000000000269 38.644
38.00000000000027 38.644
38.100000000000271 39.6154
38.200000000000273 39.6154
38.300000000000274 40.5883
38.400000000000276 40.5883
38.500000000000277 41.5624
38.600000000000279 41.6345
38.70000000000028 42.5377
38.800000000000281 42.702
38.900000000000283 43.5141
39.000000000000284 43.7891
39.100000000000286 44.4916
39.200000000000287 44.8721
39.300000000000288 45.47
39.40000000000029 45.9514
39.500000000000291 46.4494
39.600000000000293 46.9846
39.700000000000294 47.4296
39.800000000000296 47.933
39.900000000000297 48.4106
40.000000000000298 48.8425
40.1000000000003 49.3923
40.200000000000301 49.7756
40.300000000000303 50.3748
40.400000000000304 50.652
40.500000000000306 51.358
40.600000000000307 51.5136
40.700000000000308 52.3418
40.80000000000031 52.3991
40.900000000000311 53.3262
41.000000000000313 53.3262
41.100000000000314 54.1451
41.200000000000315 54.3111
41.300000000000317 54.8243
41.400000000000318 55.2966
41.50000000000032 55.5853
41.600000000000321 56.2826
41.700000000000323 56.4069
41.800000000000324 1
41.900000000000325 1
42.000000000000327 2
42.100000000000328 2
42.20000000000033 3
42.300000000000331 3
42.400000000000333 7
42.500000000000334 7
42.600000000000335 14
42.700000000000337 14
42.800000000000338 28
42.90000000000034 28
43.000000000000341 28.9833
43.100000000000342 28.9833
43.200000000000344 29.9344
43.300000000000345 29.9344
43.400000000000347 30.8885
43.500000000000348 30.8885
43.60000000000035 31.8454
43.700000000000351 31.8454
43.800000000000352 32.7132
43.900000000000354 32.8049
44.000000000000355 33.2291
44.100000000000357 33.7667
44.200000000000358 33.8259
44.30000000000036 34.7306
44.400000000000361 34.7306
44.500000000000362 35.6965
44.600000000000364 35.6965
44.700000000000365 1
44.800000000000367 1
44.900000000000368 2
45.000000000000369 2
45.100000000000371 3
45.200000000000372 3
45.300000000000374 7
45.400000000000375 7
45.500000000000377 14
45.600000000000378 14
45.700000000000379 17.6362
45.800000000000381 17.6362
45.900000000000382 18.5766
46.000000000000384 18.5766
46.100000000000385 19.5228
46.200000000000387 19.5228
46.300000000000388 20.474
46.400000000000389 20.474
46.500000000000391 21.4297
46.600000000000392 21.4297
46.700000000000394 22.3892
46.800000000000395 22.3892
46.900000000000396 23.352
47.000000000000398 23.352
47.100000000000399 24.3179
47.200000000000401 24.359
47.300000000000402 25.2863
47.400000000000404 25.4048
47.500000000000405 26.2571
47.600000000000406 26.5225
47.700000000000408 27.23
47.800000000000409 27.6313
47.900000000000411 28.2047
48.000000000000412 28.8015
48.100000000000414 29.1812
48.200000000000415 29.9928
48.300000000000416 30.1591
48.400000000000418 31.1385
48.500000000000419 31.1385
48.600000000000421 32.1191
48.700000000000422 32.1191
48.800000000000423 33.1009
48.900000000000425 33.1311
49.000000000000426 34.0837
49.100000000000428 34.1716
49.200000000000429 35.0674
49.300000000000431 35.2382
49.400000000000432 36.0521
49.500000000000433 36.3285
49.600000000000435 37.0375
49.700000000000436 37.4138
49.800000000000438 38.0238
49.900000000000439 38.4684
50.000000000000441 39.0107
50.100000000000442 39.5202
50.200000000000443 39.9982
50.300000000000445 40.594
50.400000000000446 40.9619
50.500000000000448 41.6641
50.600000000000449 41.9274
50.70000000000045 42.7308
50.800000000000452 42.9643
50.900000000000453 43.7715
51.000000000000455 43.9312
51.100000000000456 44.7434
51.200000000000458 44.8996
51.300000000000459 45.6726
51.40000000000046 45.8693
51.500000000000462 46.5619
51.600000000000463 46.8403
51.700000000000465 47.4555
51.800000000000466 47.7916
51.900000000000468 48.3533
52.000000000000469 48.7243
52.10000000000047 49.2145
52.200000000000472 49.6998
52.300000000000473 50.0608
52.400000000000475 50.6764
52.500000000000476 50.9519
52.600000000000477 51.615
52.700000000000479 51.7698
52.80000000000048 52.4226
52.900000000000482 52.689
53.000000000000483 53.2179
53.100000000000485 1
53.200000000000486 1
53.300000000000487 2
53.400000000000489 2
53.50000000000049 3
53.600000000000492 3
53.700000000000493 7
53.800000000000495 7
53.900000000000496 14
54.000000000000497 14
54.100000000000499 26.0769
54.2000000000005 26.0769
54.300000000000502 27.0562
54.400000000000503 27.0562
54.500000000000504 28.037
54.600000000000506 28.037
54.700000000000507 29.0191
54.800000000000509 29.0191
54.90000000000051 30.0024
55.000000000000512 30.0024
55.100000000000513 30.9867
55.200000000000514 30.9867
55.300000000000516 31.9407
55.400000000000517 31.9407
55.500000000000519 32.5611
55.60000000000052 32.8973
55.700000000000522 33.0793
55.800000000000523 33.8565
55.900000000000524 33.8565
56.000000000000526 34.818
56.100000000000527 34.818
56.200000000000529 35.7816
56.30000000000053 35.7816
56.400000000000531 36.5286
56.500000000000533 36.7471
56.600000000000534 37.0993
56.700000000000536 37.7143
56.800000000000537 38.0839
56.900000000000539 38.6833
57.00000000000054 39.146
57.100000000000541 39.6538
57.200000000000543 40.2049
57.300000000000544 40.6257
57.400000000000546 41.1881
57.500000000000547 41.5989
57.600000000000549 42.1958
57.70000000000055 42.5734
57.800000000000551 43.0872
57.900000000000553 43.549
58.000000000000554 43.8922
58.100000000000556 44.5257
58.200000000000557 44.9727
58.300000000000558 45.5034
58.40000000000056 46.0279
58.500000000000561 46.4821
58.600000000000563 47.0382
58.700000000000564 47.4616
58.800000000000566 47.9856
58.900000000000567 48.442
59.000000000000568 48.8736
59.10000000000057 49.4231
59.200000000000571 49.7458
59.300000000000573 50.405
59.400000000000574 50.603
59.500000000000576 51.3876
59.600000000000577 51.5236
59.700000000000578 52.3708
59.80000000000058 52.4281
59.900000000000581 53.3547
60.000000000000583 53.3547
60.100000000000584 54.1732
60.200000000000585 54.3391
60.300000000000587 54.7973
60.400000000000588 55.3241
60.50000000000059 55.5586
60.600000000000591 1
60.700000000000593 1
60.800000000000594 1
60.900000000000595 1
61.000000000000597 2
61.100000000000598 2
61.2000000000006 2.5
61.300000000000601 2.5
61.400000000000603 3.55301
61.500000000000604 3.55301
61.600000000000605 4.33944
61.700000000000607 4.33944
61.800000000000608 5.19763
61.90000000000061 5.19763
62.000000000000611 6.09735
62.100000000000612 6.09735
62.200000000000614 7.02286
62.300000000000615 7.02286
62.400000000000617 7.96541
62.500000000000618 7.96541
62.60000000000062 8.80618
62.700000000000621 9.67696
62.800000000000622 9.67696
62.900000000000624 10.5704
63.000000000000625 10.5704
63.100000000000627 11.4811
63.200000000000628 11.4811
63.30000000000063 12.4054
63.400000000000631 12.4054
63.500000000000632 13.3404
63.600000000000634 13.3404
63.700000000000635 14.2841
63.800000000000637 14.2841
63.900000000000638 15.2348
64.000000000000639 15.2348
64.100000000000634 16.1914
64.200000000000628 16.1914
64.300000000000622 17.1528
64.400000000000617 17.2111
64.500000000000611 18.1183
64.600000000000605 18.2285
64.7000000000006 19.0873
64.800000000000594 19.296
64.900000000000588 20.0593
65.000000000000583 20.3566
65.100000000000577 21.0338
65.200000000000571 21.5045
65.300000000000566 22.0106
65.40000000000056 22.5941
65.500000000000554 22.9894
65.600000000000549 23.591
65.700000000000543 23.928
65.800000000000537 24.6694
65.900000000000531 24.8715
66.000000000000526 25.7026
66.10000000000052 25.8191
66.200000000000514 26.6957
66.300000000000509 26.7706
66.400000000000503 27.6169
66.500000000000497 27.7254
66.600000000000492 28.5434
66.700000000000486 28.6833
66.80000000000048 29.4747
66.900000000000475 29.644
67.000000000000469 30.3445
67.100000000000463 30.6071
67.200000000000458 31.2221
67.300000000000452 31.5726
67.400000000000446 32.1068
67.500000000000441 32.5401
67.600000000000435 32.9981
67.700000000000429 33.5095
67.800000000000423 33.599
67.900000000000418 34.4226
68.000000000000412 34.4807
68.100000000000406 35.227
68.200000000000401 35.4534
68.300000000000395 1
68.400000000000389 1
68.500000000000384 2
68.600000000000378 2
68.700000000000372 3
68.800000000000367 3
68.900000000000361 4
69.000000000000355 4
69.10000000000035 10
69.200000000000344 10
69.300000000000338 17.1759
69.400000000000333 17.1759
69.500000000000327 18.1401
69.600000000000321 18.1401
69.700000000000315 19.108
69.80000000000031 19.108
69.900000000000304 20.079
70.000000000000298 20.079
70.100000000000293 21.0527
70.200000000000287 21.0527
70.300000000000281 22.0286
70.400000000000276 22.0286
70.50000000000027 23.0066
70.600000000000264 23.0066
70.700000000000259 23.9863
70.800000000000253 23.9863
70.900000000000247 24.9276
71.000000000000242 24.9276
71.100000000000236 25.8732
71.20000000000023 25.8732
71.300000000000225 26.8227
71.400000000000219 26.8227
71.500000000000213 27.7757
71.600000000000207 27.7757
71.700000000000202 28.732
71.800000000000196 28.8015
71.90000000000019 29.691
72.000000000000185 29.792
72.100000000000179 30.6527
72.200000000000173 30.783
72.300000000000168 31.6168
72.400000000000162 31.68
72.500000000000156 32.583
72.600000000000151 32.583
72.700000000000145 33.5512
72.800000000000139 33.5512
72.900000000000134 34.5211
73.000000000000128 34.5211
73.100000000000122 35.4928
73.200000000000117 35.4928
73.300000000000111 36.3835
73.400000000000105 36.4659
73.500000000000099 37.0915
73.600000000000094 37.4405
73.700000000000088 37.6802
73.800000000000082 38.4164
73.900000000000077 38.4164
74.000000000000071 39.3172
74.100000000000065 39.3172
74.20000000000006 1
74.300000000000054 1
74.400000000000048 2
74.500000000000043 2
74.600000000000037 3
74.700000000000031 3
74.800000000000026 4
74.90000000000002 6
75.000000000000014 10
75.100000000000009 19.0526
75.200000000000003 19.0526
75.299999999999997 20.0263
75.399999999999991 20.0263
75.499999999999986 21.0024
75.59999999999998 21.0024
75.699999999999974 21.9806
75.799999999999969 21.9806
75.899999999999963 22.917
75.999999999999957 22.917
76.099999999999952 23.8585
76.199999999999946 23.8585
76.29999999999994 24.8046
76.399999999999935 24.8046
76.499999999999929 25.7547
76.599999999999923 25.7935
76.699999999999918 26.7084
76.799999999999912 27.0065
76.899999999999906 27.6654
76.999999999999901 28.2382
77.099999999999895 28.6253
77.199999999999889 29.3843
77.299999999999883 29.5879
77.399999999999878 30.4873
77.499999999999872 30.5528
77.599999999999866 31.5199
77.699999999999861 31.5199
77.799999999999855 32.489
77.899999999999849 32.489
77.999999999999844 33.4599
78.099999999999838 33.4599
78.199999999999832 34.4325
78.299999999999827 34.4325
78.399999999999821 35.4065
78.499999999999815 35.4065
78.59999999999981 36.382
78.699999999999804 36.382
78.799999999999798 37.3588
78.899999999999793 37.3588
78.999999999999787 38.3106
79.099999999999781 38.3367
79.199999999999775 39.1372
79.29999999999977 39.3157
79.399999999999764 39.8966
79.499999999999758 40.2958
79.599999999999753 40.6419
79.699999999999747 41.2768
79.799999999999741 41.4702
79.899999999999736 42.2587
79.99999999999973 42.306
80.099999999999724 43.1952
80.199999999999719 43.2414
80.299999999999713 43.8844
80.399999999999707 1
80.499999999999702 1
80.599999999999696 2
80.69999999999969 2
80.799999999999685 3
80.899999999999679 3
80.999999999999673 5
81.099999999999667 5
81.199999999999662 10
81.299999999999656 10
81.39999999999965 20
81.499999999999645 22.1361
81.599999999999639 22.8043
81.699999999999633 22.9792
81.799999999999628 23.7503
81.899999999999622 23.8344
81.999999999999616 24.7005
82.099999999999611 24.7005
82.199999999999605 25.6545
82.299999999999599 25.6545
82.399999999999594 26.6118
82.499999999999588 26.6118
82.599999999999582 27.5722
82.699999999999577 27.5722
82.799999999999571 28.3241
82.899999999999565 28.5352
82.999999999999559 29.022
83.099999999999554 29.5007
83.199999999999548 29.6361
83.299999999999542 30.4684
83.399999999999537 30.4684
83.499999999999531 1
83.599999999999525 1
83.69999999999952 2
83.799999999999514 2
83.899999999999508 3
83.999999999999503 3
84.099999999999497 7
84.199999999999491 7
84.299999999999486 14
84.39999999999948 14
84.499999999999474 15.8447
84.599999999999469 15.8447
84.699999999999463 16.7664
84.799999999999457 16.7664
84.899999999999451 17.6965
84.999999999999446 17.6965
85.09999999999944 18.6338
85.199999999999434 18.6338
85.299999999999429 19.5772
85.399999999999423 19.8817
85.499999999999417 20.5259
85.599999999999412 21.0556
85.699999999999406 21.4793
85.7999999999994 22.2575
85.899999999999395 22.4366
85.999999999999389 23.3975
86.099999999999383 23.3975
86.199999999999378 24.3616
86.299999999999372 24.3616
86.399999999999366 25.3283
86.499999999999361 25.3283
86.599999999999355 26.2976
86.699999999999349 26.2976
86.799999999999343 27.269
86.899999999999338 27.269
86.999999999999332 28.2424
87.099999999999326 28.2424
87.199999999999321 29.2176
87.299999999999315 29.2176
87.399999999999309 30.1944
87.499999999999304 30.1944
87.599999999999298 31.1726
87.699999999999292 31.1726
87.799999999999287 31.8709
87.899999999999281 32.1522
87.999999999999275 32.5234
88.09999999999927 33.133
88.199999999999264 33.2535
88.299999999999258 34.1148
88.399999999999253 34.1148
88.499999999999247 35.0977
88.599999999999241 35.0977
88.699999999999235 36.0816
88.79999999999923 36.0816
88.899999999999224 36.7409
88.999999999999218 37.0662
89.099999999999213 37.2547
89.199999999999207 38.0517
89.299999999999201 38.0517
89.399999999999196 39.0379
89.49999999999919 39.0635
89.599999999999184 40.0248
89.699999999999179 40.1993
89.799999999999173 41.0123
89.899999999999167 41.4007
89.999999999999162 42.0004
90.099999999999156 42.474
90.19999999999915 42.989
90.299999999999145 43.4058
90.399999999999139 43.9554
90.499999999999133 44.205
90.599999999999127 44.9232
90.699999999999122 45.2118
90.799999999999116 45.8925
90.89999999999911 46.3263
90.999999999999105 46.863
91.099999999999099 47.499
91.199999999999093 47.8556
91.299999999999088 48.6434
91.399999999999082 48.9304
91.499999999999076 49.7212
91.599999999999071 50.022
91.699999999999065 50.7171
91.799999999999059 51.0316
91.899999999999054 51.713
91.999999999999048 52.0216
92.099999999999042 52.6712
92.199999999999037 53.0119
92.299999999999031 53.6123
92.399999999999025 54.0026
92.499999999999019 54.5371
92.599999999999014 54.9208
92.699999999999008 55.4104
92.799999999999002 55.824
92.899999999998997 56.2701
92.999999999998991 56.7303
93.099999999998985 57.1869
93.19999999999898 57.6398
93.299999999998974 58.0548
93.399999999998968 58.5864
93.499999999998963 58.9947
93.599999999998957 59.5179
93.699999999998951 59.9198
93.799999999998946 60.3522
93.89999999999894 60.798
93.999999999998934 61.1752
94.099999999998929 1
94.199999999998923 1
94.299999999998917 2
94.399999999998911 2
94.499999999998906 4
94.5999999999989 4
94.699999999998894 8
94.799999999998889 8
94.899999999998883 16
94.999999999998877 16
95.099999999998872 30.0666
95.199999999998866 30.0999
95.29999999999886 31.0489
95.399999999998855 31.0489
95.499999999998849 32.0323
95.599999999998843 32.0323
95.699999999998838 33.0166
95.799999999998832 33.0166
95.899999999998826 34.0018
95.99999999999882 34.0018
96.099999999998815 34.9879
96.199999999998809 34.9879
96.299999999998803 35.9469
96.399999999998798 35.9469
96.499999999998792 36.9081
96.599999999998786 36.9081
96.699999999998781 37.4996
96.799999999998775 37.8713
96.899999999998769 38.0294
96.999999999998764 38.8363
97.099999999998758 38.8363
97.199999999998752 39.8031
97.299999999998747 39.8031
97.399999999998741 1
97.499999999998735 1
97.59999999999873 2
97.699999999998724 2
97.799999999998718 3
97.899999999998712 3
97.999999999998707 7
98.099999999998701 7
98.199999999998695 14
98.29999999999869 14
98.399999999998684 19.4685
98.499999999998678 19.4685
98.599999999998673 20.4223
98.699999999998667 20.4223
98.799999999998661 21.3803
98.899999999998656 21.3803
98.99999999999865 22.3419
99.099999999998644 22.3419
99.199999999998639 23.3067
99.299999999998633 23.3067
99.399999999998627 23.3067
99.499999999998622 1
99.599999999998616 1
99.69999999999861 1
99.799999999998604 1
99.899999999998599 1
99.999999999998593 1
