0 1
0.10000000000000001 1
0.20000000000000001 1
0.30000000000000004 1
0.40000000000000002 1
0.5 1
0.59999999999999998 1
0.69999999999999996 1
0.79999999999999993 1
0.89999999999999991 1
0.99999999999999989 1
1.0999999999999999 1
1.2 2
1.3 2
1.4000000000000001 4
1.5000000000000002 4
1.6000000000000003 8
1.7000000000000004 8
1.8000000000000005 16
1.9000000000000006 16
2.0000000000000004 32
2.1000000000000005 32
2.2000000000000006 64
2.3000000000000007 64
2.4000000000000008 82
2.5000000000000009 1
2.600000000000001 1
2.7000000000000011 2
2.8000000000000012 2
2.9000000000000012 3
3.0000000000000013 3
3.1000000000000014 6
3.2000000000000015 6
3.3000000000000016 9
3.4000000000000017 9
3.5000000000000018 14
3.6000000000000019 18
3.700000000000002 22
3.800000000000002 26
3.9000000000000021 32
4.0000000000000018 42
4.1000000000000014 42.2612
4.2000000000000011 42.9188
4.3000000000000007 43.2438
4.4000000000000004 43.9095
4.5 44.2273
4.5999999999999996 44.9897
4.6999999999999993 45.2114
4.7999999999999989 45.8485
4.8999999999999986 46.1963
4.9999999999999982 46.7772
5.0999999999999979 47.1817
5.1999999999999975 47.6668
5.2999999999999972 48.1678
5.3999999999999968 48.5195
5.4999999999999964 49.1544
5.5999999999999961 49.1951
5.6999999999999957 50.1416
5.7999999999999954 50.1416
5.899999999999995 51.0705
5.9999999999999947 51.1292
6.0999999999999943 51.8094
6.199999999999994 52.1173
6.2999999999999936 52.5759
6.3999999999999932 53.1059
6.4999999999999929 53.2939
6.5999999999999925 54.0949
6.6999999999999922 54.3899
6.7999999999999918 55.0842
6.8999999999999915 55.4281
6.9999999999999911 56.074
7.0999999999999908 56.465
7.1999999999999904 57.0641
7.2999999999999901 57.5006
7.3999999999999897 58.0545
7.4999999999999893 58.5349
7.599999999999989 59.0452
7.6999999999999886 59.568
7.7999999999999883 60.0363
7.8999999999999879 60.6166
7.9999999999999876 61.0276
8.0999999999999872 61.4848
8.1999999999999869 62.0193
8.2999999999999865 62.4532
8.3999999999999861 63.0112
8.4999999999999858 63.4225
8.5999999999999854 64.0033
8.6999999999999851 64.3617
8.7999999999999847 64.9957
8.8999999999999844 65.2874
8.999999999999984 65.9731
9.0999999999999837 66.1699
9.1999999999999833 66.9512
9.2999999999999829 67.0706
9.3999999999999826 67.8711
9.4999999999999822 68.0035
9.5999999999999819 68.5747
9.6999999999999815 68.9093
9.7999999999999812 69.3289
9.8999999999999808 69.8893
9.9999999999999805 70.1606
10.09999999999998 70.8698
10.19999999999998 71.053
10.299999999999979 71.6836
10.399999999999979 72.0593
10.499999999999979 72.7637
10.599999999999978 73.0791
10.699999999999978 73.8008
10.799999999999978 74.0984
10.899999999999977 74.7969
10.999999999999977 75.1304
11.099999999999977 75.7799
11.199999999999976 76.1616
11.299999999999976 76.7633
11.399999999999975 77.205
11.499999999999975 77.7471
11.599999999999975 78.2216
11.699999999999974 78.7441
11.799999999999974 79.2252
11.899999999999974 79.7536
11.999999999999973 80.2412
12.099999999999973 80.7877
12.199999999999973 81.2444
12.299999999999972 81.8087
12.399999999999972 82.2598
12.499999999999972 82.8292
12.599999999999971 83.2387
12.699999999999971 83.8254
12.799999999999971 84.2063
12.89999999999997 84.7862
12.99999999999997 85.1746
13.099999999999969 85.7596
13.199999999999969 86.1552
13.299999999999969 86.699
13.399999999999968 87.1477
13.499999999999968 87.6398
13.599999999999968 88.1178
13.699999999999967 88.4689
13.799999999999967 89.0885
13.899999999999967 89.3127
13.999999999999966 90.0265
14.099999999999966 90.1707
14.199999999999966 90.8558
14.299999999999965 91.1305
14.399999999999965 91.6885
14.499999999999964 92.1129
14.599999999999964 92.5137
14.699999999999964 93.0634
14.799999999999963 93.2244
14.899999999999963 94.0681
14.999999999999963 94.2805
15.099999999999962 95.0832
15.199999999999962 95.3877
15.299999999999962 96.0876
15.399999999999961 96.503
15.499999999999961 97.0816
15.599999999999961 97.5338
15.69999999999996 98.0757
15.79999999999996 98.4828
15.899999999999959 99.07
15.999999999999959 99.4327
16.099999999999959 100.064
16.19999999999996 100.493
16.299999999999962 101.069
16.399999999999963 101.562
16.499999999999964 102.093
16.599999999999966 102.62
16.699999999999967 103.126
16.799999999999969 103.677
16.89999999999997 104.139
16.999999999999972 104.742
17.099999999999973 105.152
17.199999999999974 105.797
17.299999999999976 106.155
17.399999999999977 106.85
17.499999999999979 107.177
17.59999999999998 107.875
17.699999999999982 108.199
17.799999999999983 108.899
17.899999999999984 109.22
17.999999999999986 109.913
18.099999999999987 110.231
18.199999999999989 110.91
18.29999999999999 111.243
18.399999999999991 111.897
18.499999999999993 112.236
18.599999999999994 112.867
18.699999999999996 113.221
18.799999999999997 113.82
18.899999999999999 114.206
19 114.756
19.100000000000001 115.174
19.200000000000003 115.668
19.300000000000004 116.082
19.400000000000006 116.589
19.500000000000007 116.932
19.600000000000009 117.461
19.70000000000001 117.886
19.800000000000011 118.343
19.900000000000013 118.815
20.000000000000014 119.252
20.100000000000016 119.696
20.200000000000017 120.171
20.300000000000018 120.578
20.40000000000002 1
20.500000000000021 1
20.600000000000023 1
20.700000000000024 2
20.800000000000026 2
20.900000000000027 3
21.000000000000028 7
21.10000000000003 7
21.200000000000031 14
21.300000000000033 14
21.400000000000034 28
21.500000000000036 28
21.600000000000037 56
21.700000000000038 56
21.80000000000004 60.8606
21.900000000000041 60.8606
22.000000000000043 61.8387
22.100000000000044 61.8387
22.200000000000045 62.8176
22.300000000000047 62.8176
22.400000000000048 63.797
22.50000000000005 63.797
22.600000000000051 64.7771
22.700000000000053 64.7771
22.800000000000054 65.7578
22.900000000000055 65.8034
23.000000000000057 66.7391
23.100000000000058 66.9635
23.20000000000006 67.7209
23.300000000000061 68.1038
23.400000000000063 68.7032
23.500000000000064 69.2398
23.600000000000065 69.6861
23.700000000000067 70.3716
23.800000000000068 70.6694
23.90000000000007 71.4435
24.000000000000071 71.6532
24.100000000000072 72.4858
24.200000000000074 72.6374
24.300000000000075 73.5269
24.400000000000077 73.622
24.500000000000078 74.5803
24.60000000000008 74.6071
24.700000000000081 75.5925
24.800000000000082 75.5925
24.900000000000084 76.5784
25.000000000000085 76.5784
25.100000000000087 77.5645
25.200000000000088 77.5645
25.30000000000009 78.5001
25.400000000000091 78.5511
25.500000000000092 79.3869
25.600000000000094 79.5379
25.700000000000095 80.239
25.800000000000097 80.5251
25.900000000000098 81.0327
26.000000000000099 81.5126
26.100000000000101 81.7943
26.200000000000102 82.5004
26.300000000000104 82.5973
26.400000000000105 83.4885
26.500000000000107 83.4885
26.600000000000108 84.4295
26.700000000000109 84.4769
26.800000000000111 85.1137
26.900000000000112 85.4655
27.000000000000114 85.7925
27.100000000000115 86.4544
27.200000000000117 86.5122
27.300000000000118 87.4436
27.400000000000119 87.5579
27.500000000000121 88.433
27.600000000000122 88.6363
27.700000000000124 89.4226
27.800000000000125 89.6237
27.900000000000126 90.4124
28.000000000000128 90.6334
28.100000000000129 91.4025
28.200000000000131 91.632
28.300000000000132 92.3928
28.400000000000134 92.6414
28.500000000000135 93.3833
28.600000000000136 93.5866
28.700000000000138 94.374
28.800000000000139 94.5117
28.900000000000141 95.3334
29.000000000000142 95.4802
29.100000000000144 96.2833
29.200000000000145 96.439
29.300000000000146 97.2136
29.400000000000148 97.378
29.500000000000149 98.0025
29.600000000000151 98.3387
29.700000000000152 98.7952
29.800000000000153 99.3303
29.900000000000155 99.5716
30.000000000000156 100.302
30.100000000000158 100.402
30.200000000000159 101.176
30.300000000000161 101.334
30.400000000000162 1
30.500000000000163 1
30.600000000000165 2
30.700000000000166 2
30.800000000000168 3
30.900000000000169 3
31.000000000000171 7
31.100000000000172 7
31.200000000000173 14
31.300000000000175 14
31.400000000000176 28
31.500000000000178 28
31.600000000000179 50.1199
31.70000000000018 50.1199
31.800000000000182 51.1079
31.900000000000183 51.2252
32.000000000000185 52.0965
32.100000000000186 52.3263
32.200000000000188 53.0854
32.300000000000189 53.3673
32.40000000000019 54.0747
32.500000000000192 54.3699
32.600000000000193 55.0645
32.700000000000195 55.3182
32.800000000000196 56.0546
32.900000000000198 56.2327
33.000000000000199 57.045
33.1000000000002 57.1501
33.200000000000202 58.0358
33.300000000000203 58.0702
33.400000000000205 59.0268
33.500000000000206 59.0268
33.600000000000207 60.0182
33.700000000000209 60.0182
33.80000000000021 60.8292
33.900000000000212 61.0098
34.000000000000213 61.4671
34.100000000000215 62.0017
34.200000000000216 62.195
34.300000000000217 62.9939
34.400000000000219 63.0098
34.50000000000022 63.9707
34.600000000000222 63.9707
34.700000000000223 64.624
34.800000000000225 64.9481
34.900000000000226 65.6983
35.000000000000227 65.9263
35.100000000000229 66.8153
35.20000000000023 66.9499
35.300000000000232 67.855
35.400000000000233 68.0317
35.500000000000234 68.8645
35.600000000000236 69.0675
35.700000000000237 69.8451
35.800000000000239 70.0453
35.90000000000024 70.8262
36.000000000000242 71.0236
36.100000000000243 71.8078
36.200000000000244 72.0025
36.300000000000246 72.7899
36.400000000000247 73.0094
36.500000000000249 73.7725
36.60000000000025 74.0297
36.700000000000252 74.7556
36.800000000000253 75.0627
36.900000000000254 75.7391
37.000000000000256 76.0817
37.100000000000257 76.7231
37.200000000000259 77.1261
37.30000000000026 77.7203
37.400000000000261 78.1821
37.500000000000263 78.7303
37.600000000000264 79.2367
37.700000000000266 79.7149
37.800000000000267 80.2899
37.900000000000269 80.7247
38.00000000000027 81.3418
38.100000000000271 81.7343
38.200000000000273 82.3924
38.300000000000274 82.7315
38.400000000000276 83.4537
38.500000000000277 83.7408
38.600000000000279 84.5016
38.70000000000028 84.7616
38.800000000000281 85.5251
38.900000000000283 85.7819
39.000000000000284 86.5364
39.100000000000286 86.8018
39.200000000000287 87.5475
39.300000000000288 87.8212
39.40000000000029 88.547
39.500000000000291 88.8402
39.600000000000293 89.5354
39.700000000000294 89.8476
39.800000000000296 90.5129
39.900000000000297 90.8328
40.000000000000298 91.4801
40.1000000000003 91.7966
40.200000000000301 92.4479
40.300000000000303 92.7503
40.400000000000304 93.4057
40.500000000000306 93.6943
40.600000000000307 94.3326
40.700000000000308 94.6395
40.80000000000031 95.2294
40.900000000000311 95.523
41.000000000000313 96.1075
41.100000000000314 96.471
41.200000000000315 96.9364
41.300000000000317 97.4201
41.400000000000318 97.7582
41.50000000000032 98.3396
41.600000000000321 98.6442
41.700000000000323 99.2204
41.800000000000324 99.5223
41.900000000000325 100.083
42.000000000000327 100.582
42.100000000000328 101.117
42.20000000000033 101.591
42.300000000000331 102.141
42.400000000000333 102.619
42.500000000000334 103.173
42.600000000000335 103.637
42.700000000000337 104.215
42.800000000000338 104.655
42.90000000000034 105.237
43.000000000000341 105.626
43.100000000000342 106.183
43.200000000000344 106.596
43.300000000000345 107.13
43.400000000000347 107.54
43.500000000000348 108.078
43.60000000000035 108.401
43.700000000000351 108.953
43.800000000000352 109.301
43.900000000000354 109.831
44.000000000000355 110.276
44.100000000000357 110.701
44.200000000000358 111.242
44.30000000000036 111.61
44.400000000000361 112.137
44.500000000000362 112.449
44.600000000000364 112.99
44.700000000000365 113.264
44.800000000000367 113.784
44.900000000000368 1
45.000000000000369 1
45.100000000000371 2
45.200000000000372 2
45.300000000000374 4
45.400000000000375 4
45.500000000000377 8
45.600000000000378 8
45.700000000000379 16
45.800000000000381 16
45.900000000000382 32
46.000000000000384 32
46.100000000000385 57.1227
46.200000000000387 57.1227
46.300000000000388 58.1121
46.400000000000389 58.1121
46.500000000000391 59.1019
46.600000000000392 59.1019
46.700000000000394 60.092
46.800000000000395 60.1918
46.900000000000396 61.0825
47.000000000000398 61.3602
47.100000000000399 62.0732
47.200000000000401 62.5227
47.300000000000402 63.0643
47.400000000000404 63.664
47.500000000000405 64.0556
47.600000000000406 64.7544
47.700000000000408 65.0472
47.800000000000409 65.8722
47.900000000000411 66.039
48.000000000000412 66.9265
48.100000000000414 67.0311
48.200000000000415 67.9645
48.300000000000416 68.0234
48.400000000000418 69.0014
48.500000000000419 69.0159
48.600000000000421 70.0086
48.700000000000422 70.0086
48.800000000000423 71.0015
48.900000000000425 71.1282
49.000000000000426 71.9947
49.100000000000428 72.272
49.200000000000429 72.9743
49.300000000000431 73.357
49.400000000000432 73.9544
49.500000000000433 74.4397
49.600000000000435 74.9351
49.700000000000436 75.5068
49.800000000000438 75.9163
49.900000000000439 76.5591
50.000000000000441 76.898
50.100000000000442 77.5842
50.200000000000443 77.8801
50.300000000000445 78.6214
50.400000000000446 78.8627
50.500000000000448 79.6325
50.600000000000449 79.8457
50.70000000000045 80.6309
50.800000000000452 80.8291
50.900000000000453 81.6294
51.000000000000455 81.8252
51.100000000000456 82.6037
51.200000000000458 82.8093
51.300000000000459 83.5786
51.40000000000046 83.7818
51.500000000000462 84.5186
51.600000000000463 84.7667
51.700000000000465 85.4248
51.800000000000466 85.752
51.900000000000468 86.2868
52.000000000000469 86.7376
52.10000000000047 87.1173
52.200000000000472 87.7236
52.300000000000473 87.9513
52.400000000000475 88.5971
52.500000000000476 88.8113
52.600000000000477 89.4955
52.700000000000479 89.7187
52.80000000000048 90.3408
52.900000000000482 90.6833
53.000000000000483 91.1014
53.100000000000485 91.6486
53.200000000000486 91.8666
53.300000000000487 92.6579
53.400000000000489 92.9058
53.50000000000049 93.6456
53.600000000000492 93.9548
53.700000000000493 94.6335
53.800000000000495 95.0343
53.900000000000496 95.6217
54.000000000000497 96.112
54.100000000000499 96.6205
54.2000000000005 97.1676
54.300000000000502 97.5989
54.400000000000503 98.1506
54.500000000000504 98.5878
54.600000000000506 99.1138
54.700000000000507 99.5769
54.800000000000509 100.038
54.90000000000051 100.566
55.000000000000512 100.953
55.100000000000513 101.516
55.200000000000514 101.841
55.300000000000516 102.341
55.400000000000517 102.731
55.500000000000519 103.274
55.60000000000052 103.642
55.700000000000522 104.171
55.800000000000523 104.564
55.900000000000524 105.079
56.000000000000526 105.525
56.100000000000527 105.923
56.200000000000529 106.45
56.30000000000053 106.76
56.400000000000531 107.218
56.500000000000533 107.609
56.600000000000534 108.137
56.700000000000536 108.534
56.800000000000537 109.131
56.900000000000539 109.552
57.00000000000054 110.135
57.100000000000541 110.57
57.200000000000543 111.138
57.300000000000544 111.596
57.400000000000546 112.123
57.500000000000547 112.622
57.600000000000549 113.109
57.70000000000055 113.665
57.800000000000551 114.086
57.900000000000553 114.716
58.000000000000554 115.047
58.100000000000556 115.723
58.200000000000557 116.059
58.300000000000558 116.712
58.40000000000056 117.063
58.500000000000561 117.702
58.600000000000563 118.05
58.700000000000564 118.683
58.800000000000566 119.037
58.900000000000567 119.648
59.000000000000568 120.007
59.10000000000057 120.606
59.200000000000571 120.954
59.300000000000573 121.547
59.400000000000574 121.901
59.500000000000576 122.457
59.600000000000577 122.857
59.700000000000578 123.336
59.80000000000058 123.813
59.900000000000581 124.152
60.000000000000583 124.755
60.100000000000584 125.019
60.200000000000585 125.649
60.300000000000587 125.928
60.400000000000588 126.459
60.50000000000059 126.846
60.600000000000591 127.278
60.700000000000593 1
60.800000000000594 1
60.900000000000595 2
61.000000000000597 2
61.100000000000598 4
61.2000000000006 4
61.300000000000601 8
61.400000000000603 8
61.500000000000604 16
61.600000000000605 16
61.700000000000607 32
61.800000000000608 32
61.90000000000061 63.0159
62.000000000000611 63.0159
62.100000000000612 64.0079
62.200000000000614 64.1796
62.300000000000615 65.0002
62.400000000000617 65.3379
62.500000000000618 65.9928
62.60000000000062 66.491
62.700000000000621 66.9706
62.800000000000622 67.6393
62.900000000000624 67.9491
63.000000000000625 68.7684
63.100000000000627 68.9282
63.200000000000628 69.8935
63.30000000000063 69.9078
63.400000000000631 70.8881
63.500000000000632 70.8881
63.600000000000634 71.8689
63.700000000000635 71.8689
63.800000000000637 72.8502
63.900000000000638 72.8502
64.000000000000639 73.832
64.100000000000634 73.8861
64.200000000000628 74.8142
64.300000000000622 75.0145
64.400000000000617 75.797
64.500000000000611 76.1393
64.600000000000605 76.7802
64.7000000000006 77.2088
64.800000000000594 77.7638
64.900000000000588 78.251
65.000000000000583 78.7478
65.100000000000577 79.2921
65.200000000000571 79.7323
65.300000000000566 80.3445
65.40000000000056 80.7171
65.500000000000554 81.3834
65.600000000000549 81.7023
65.700000000000543 82.4456
65.800000000000537 82.6878
65.900000000000531 83.4822
66.000000000000526 83.6737
66.10000000000052 84.5062
66.200000000000514 84.6599
66.300000000000509 85.4828
66.400000000000503 85.6464
66.500000000000497 86.4252
66.600000000000492 86.6332
66.700000000000486 87.3346
66.80000000000048 87.6204
66.900000000000475 88.2119
67.000000000000469 88.6078
67.100000000000463 89.0469
67.200000000000458 89.5955
67.300000000000452 89.8519
67.400000000000446 90.5835
67.500000000000441 90.6828
67.600000000000435 91.5717
67.700000000000429 91.5826
67.800000000000423 92.4521
67.900000000000418 92.5602
68.000000000000412 93.1418
68.100000000000406 93.5489
68.200000000000401 93.8477
68.300000000000395 94.5379
68.400000000000389 94.6436
68.500000000000384 95.4852
68.600000000000378 95.6735
68.700000000000372 96.5165
68.800000000000367 96.7338
68.900000000000361 97.5061
69.000000000000355 97.7928
69.10000000000035 98.4959
69.200000000000344 98.8304
69.300000000000338 99.486
69.400000000000333 99.8071
69.500000000000327 100.476
69.600000000000321 100.645
69.700000000000315 101.467
69.80000000000031 101.614
69.900000000000304 102.457
70.000000000000298 102.613
70.100000000000293 103.448
70.200000000000287 103.651
70.300000000000281 104.468
70.400000000000276 104.707
70.50000000000027 105.487
70.600000000000264 105.762
70.700000000000259 106.497
70.800000000000253 106.825
70.900000000000247 107.497
71.000000000000242 107.877
71.100000000000236 108.488
71.20000000000023 108.938
71.300000000000225 109.497
71.400000000000219 109.989
71.500000000000213 110.497
71.600000000000207 111.048
71.700000000000202 111.488
71.800000000000196 112.087
71.90000000000019 112.479
72.000000000000185 113.091
72.100000000000179 113.471
72.200000000000173 114.077
72.300000000000168 114.462
72.400000000000162 115.029
72.500000000000156 115.445
72.600000000000151 115.947
72.700000000000145 116.42
72.800000000000139 116.832
72.900000000000134 117.336
73.000000000000128 117.71
73.100000000000122 118.244
73.200000000000117 118.615
73.300000000000111 119.196
73.400000000000105 119.531
73.500000000000099 120.098
73.600000000000094 120.456
73.700000000000088 121.011
73.800000000000082 121.391
73.900000000000077 121.794
74.000000000000071 122.212
74.100000000000065 122.628
74.20000000000006 1
74.300000000000054 1
74.400000000000048 2
74.500000000000043 2
74.600000000000037 4
74.700000000000031 4
74.800000000000026 8
74.90000000000002 8
75.000000000000014 16
75.100000000000009 16
75.200000000000003 32
75.299999999999997 32
75.399999999999991 61.0492
75.499999999999986 61.0492
75.59999999999998 62.0404
75.699999999999974 62.0404
75.799999999999969 63.032
75.899999999999963 63.032
75.999999999999957 64.0238
76.099999999999952 64.0238
76.199999999999946 65.0159
76.29999999999994 65.0927
76.399999999999935 66.0082
76.499999999999929 66.2048
76.599999999999923 67.0007
76.699999999999918 67.3283
76.799999999999912 67.9934
76.899999999999906 68.4771
76.999999999999901 68.9719
77.099999999999895 69.5926
77.199999999999889 69.951
77.299999999999883 70.6764
77.399999999999878 70.9306
77.499999999999872 71.7298
77.599999999999866 71.9108
77.699999999999861 72.768
77.799999999999855 72.8916
77.899999999999849 73.8186
77.999999999999844 73.8728
78.099999999999838 74.8546
78.199999999999832 74.8546
78.299999999999827 75.8368
78.399999999999821 75.8368
78.499999999999815 76.8195
78.59999999999981 76.8195
78.699999999999804 77.7383
78.799999999999798 77.8026
78.899999999999793 78.621
78.999999999999787 78.7861
79.099999999999781 79.4435
79.199999999999775 79.7701
79.29999999999977 80.2326
79.399999999999764 80.7544
79.499999999999758 81.0388
79.599999999999753 81.7392
79.699999999999747 81.8248
79.799999999999741 82.7243
79.899999999999736 82.7243
79.99999999999973 83.638
80.099999999999724 83.7097
80.199999999999719 84.3405
80.299999999999713 84.6955
80.399999999999707 85.0372
80.499999999999702 85.6816
80.599999999999696 85.7983
80.69999999999969 86.6681
80.799999999999685 86.841
80.899999999999679 87.6548
80.999999999999673 87.9054
81.099999999999667 88.6418
81.199999999999662 88.9572
81.299999999999656 89.6292
81.39999999999965 90.0077
81.499999999999645 90.6168
81.599999999999639 90.9912
81.699999999999633 91.6046
81.799999999999628 91.9316
81.899999999999622 92.5928
81.999999999999616 92.8516
82.099999999999611 93.5811
82.199999999999605 93.752
82.299999999999599 94.5698
82.399999999999594 94.686
82.499999999999588 95.5586
82.599999999999582 95.6005
82.699999999999577 96.3922
82.799999999999571 96.5477
82.899999999999565 97.1569
82.999999999999559 97.537
83.099999999999554 97.9054
83.199999999999548 98.5265
83.299999999999542 98.6989
83.399999999999537 99.5163
83.499999999999531 99.5766
83.599999999999525 100.307
83.69999999999952 100.506
83.799999999999514 101.378
83.899999999999508 101.526
83.999999999999503 102.448
84.099999999999497 102.584
84.199999999999491 103.477
84.299999999999486 103.641
84.39999999999948 104.468
84.499999999999474 104.65
84.599999999999469 105.459
84.699999999999463 105.62
84.799999999999457 106.45
84.899999999999451 106.6
84.999999999999446 107.385
85.09999999999944 107.618
85.199999999999434 108.395
85.299999999999429 108.644
85.399999999999423 109.424
85.499999999999417 109.67
85.599999999999412 110.416
85.699999999999406 110.696
85.7999999999994 111.407
85.899999999999395 111.73
85.999999999999389 112.399
86.099999999999383 112.772
86.199999999999378 113.391
86.299999999999372 113.814
86.399999999999366 114.427
86.499999999999361 114.855
86.599999999999355 115.445
86.699999999999349 115.886
86.799999999999343 116.446
86.899999999999338 116.909
86.999999999999332 117.446
87.099999999999326 117.897
87.199999999999321 118.438
87.299999999999315 118.86
87.399999999999309 119.422
87.499999999999304 119.807
87.599999999999298 120.34
87.699999999999292 120.755
87.799999999999287 121.308
87.899999999999281 121.679
87.999999999999275 122.253
88.09999999999927 122.596
88.199999999999264 123.125
88.299999999999258 123.538
88.399999999999253 124.007
88.499999999999247 124.474
88.599999999999241 124.859
88.699999999999235 125.394
88.79999999999923 125.721
88.899999999999224 126.245
88.999999999999218 126.585
89.099999999999213 1
89.199999999999207 1
89.299999999999201 1
89.399999999999196 2
89.49999999999919 2
89.599999999999184 3
89.699999999999179 5
89.799999999999173 7
89.899999999999167 14
89.999999999999162 14
90.099999999999156 28
90.19999999999915 28
90.299999999999145 56
90.399999999999139 56
90.499999999999133 63.5847
90.599999999999127 63.7731
90.699999999999122 64.599
90.799999999999116 64.7536
90.89999999999911 65.689
90.999999999999105 65.7346
91.099999999999099 66.7162
91.199999999999093 66.7162
91.299999999999088 67.6984
91.399999999999082 67.6984
91.499999999999076 68.681
91.599999999999071 68.681
91.699999999999065 69.6642
91.799999999999059 69.6786
91.899999999999054 70.6478
91.999999999999048 70.6761
92.099999999999042 71.6319
92.199999999999037 71.6598
92.299999999999031 72.6164
92.399999999999025 72.6302
92.499999999999019 73.6013
92.599999999999014 73.6149
92.699999999999008 74.5464
92.799999999999002 74.5867
92.899999999998997 75.4532
92.999999999998991 75.5724
93.099999999998985 76.2967
93.19999999999898 76.5584
93.299999999998974 77.0792
93.399999999998968 77.5449
93.499999999998963 77.7767
93.599999999998957 78.5317
93.699999999998951 78.608
93.799999999998946 79.4433
93.89999999999894 79.5313
93.999999999998934 80.2449
94.099999999998929 80.5062
94.199999999998923 80.9522
94.299999999998917 81.4939
94.399999999998911 82.0443
94.499999999998906 82.4819
94.5999999999989 83.1221
94.699999999998894 83.4822
94.799999999998889 84.1742
94.899999999998883 84.4825
94.999999999998877 85.2485
95.099999999998872 85.4711
95.199999999998866 86.2399
95.29999999999886 86.4715
95.399999999998855 87.197
95.499999999998849 87.449
95.599999999998843 88.1211
95.699999999998838 88.4383
95.799999999998832 89.0581
95.899999999998826 89.4167
95.99999999999882 89.9742
96.099999999998815 90.3956
96.199999999998809 90.848
96.299999999998803 91.3858
96.399999999998798 91.7136
96.499999999998792 92.3222
96.599999999998786 92.571
96.699999999998781 93.2276
96.799999999998775 93.4847
96.899999999998769 94.0819
96.999999999998764 94.4002
97.099999999998758 94.8441
97.199999999998752 95.3489
97.299999999998747 95.663
97.399999999998741 1
97.499999999998735 1
97.59999999999873 2
97.699999999998724 2
97.799999999998718 4
97.899999999998712 4
97.999999999998707 8
98.099999999998701 8
98.199999999998695 16
98.29999999999869 16
98.399999999998684 32
98.499999999998678 32
98.599999999998673 47.3604
98.699999999998667 47.3604
98.799999999998661 48.3428
98.899999999998656 48.3428
98.99999999999865 49.3259
99.099999999998644 49.407
99.199999999998639 50.3097
99.299999999998633 50.3097
99.399999999998627 50.3097
99.499999999998622 1
99.599999999998616 1
99.69999999999861 1
99.799999999998604 1
99.899999999998599 1
99.999999999998593 1
