0 1
0.10000000000000001 1
0.20000000000000001 1
0.30000000000000004 1
0.40000000000000002 1
0.5 1
0.59999999999999998 1
0.69999999999999996 1
0.79999999999999993 1
0.89999999999999991 1
0.99999999999999989 1
1.0999999999999999 1
1.2 2
1.3 2
1.4000000000000001 4
1.5000000000000002 4
1.6000000000000003 8
1.7000000000000004 8
1.8000000000000005 16
1.9000000000000006 16
2.0000000000000004 32
2.1000000000000005 32
2.2000000000000006 32
2.3000000000000007 64
2.4000000000000008 64
2.5000000000000009 1
2.600000000000001 1
2.7000000000000011 2
2.8000000000000012 2
2.9000000000000012 3
3.0000000000000013 3
3.1000000000000014 7
3.2000000000000015 7
3.3000000000000016 14
3.4000000000000017 14
3.5000000000000018 28
3.6000000000000019 28
3.700000000000002 32.7418
3.800000000000002 32.7418
3.9000000000000021 33.7054
4.0000000000000018 33.7054
4.1000000000000014 34.671
4.2000000000000011 34.671
4.3000000000000007 35.6386
4.4000000000000004 35.6386
4.5 36.6078
4.5999999999999996 36.6078
4.6999999999999993 37.5787
4.7999999999999989 37.5787
4.8999999999999986 38.5511
4.9999999999999982 38.5511
5.0999999999999979 39.5248
5.1999999999999975 39.5248
5.2999999999999972 40.4751
5.3999999999999968 40.4998
5.4999999999999964 41.2341
5.5999999999999961 41.476
5.6999999999999957 41.8601
5.7999999999999954 42.4533
5.899999999999995 42.4533
5.9999999999999947 43.4316
6.0999999999999943 43.4316
6.199999999999994 44.3658
6.2999999999999936 44.4109
6.3999999999999932 45.0815
6.4999999999999929 45.3911
6.5999999999999925 45.6328
6.6999999999999922 46.3721
6.7999999999999918 46.7159
6.8999999999999915 47.3539
6.9999999999999911 47.7954
7.0999999999999908 48.3365
7.1999999999999904 48.851
7.2999999999999901 49.3197
7.3999999999999897 49.9044
7.4999999999999893 50.3036
7.599999999999989 50.9359
7.6999999999999886 51.2881
7.7999999999999883 51.8891
7.8999999999999879 52.2732
7.9999999999999876 52.8063
8.0999999999999872 53.2589
8.1999999999999869 53.7635
8.2999999999999865 54.2451
8.3999999999999861 54.7041
8.4999999999999858 55.2317
8.5999999999999854 55.6467
8.6999999999999851 56.2189
8.7999999999999847 56.5736
8.8999999999999844 57.2065
8.999999999999984 57.4855
9.0999999999999837 58.1945
9.1999999999999833 58.3147
9.2999999999999829 59.1153
9.3999999999999826 59.1829
9.4999999999999822 59.8718
9.5999999999999819 60.1717
9.6999999999999815 60.5528
9.7999999999999812 61.1608
9.8999999999999808 61.4056
9.9999999999999805 62.1503
10.09999999999998 62.1986
10.19999999999998 62.9974
10.299999999999979 63.1402
10.399999999999979 64.0054
10.499999999999979 64.1303
10.599999999999978 65.0593
10.699999999999978 65.1207
10.799999999999978 66.0661
10.899999999999977 66.1115
10.999999999999977 67.0726
11.099999999999977 67.2365
11.199999999999976 68.079
11.299999999999976 68.3283
11.399999999999975 69.0852
11.499999999999975 69.2443
11.599999999999975 70.077
11.699999999999974 70.305
11.799999999999974 71.069
11.899999999999974 71.3639
11.999999999999973 72.0612
12.099999999999973 72.4211
12.199999999999973 73.0536
12.299999999999972 73.4767
12.399999999999972 74.0462
12.499999999999972 74.4906
12.599999999999971 75.039
12.699999999999971 75.4775
12.799999999999971 76.032
12.89999999999997 76.4256
12.99999999999997 77.0252
13.099999999999969 77.3362
13.199999999999969 78.0057
13.299999999999969 78.2234
13.399999999999968 78.9487
13.499999999999968 79.0627
13.599999999999968 79.8556
13.699999999999967 80.0057
13.799999999999967 80.7275
13.899999999999967 80.9996
13.999999999999966 81.5287
14.099999999999966 81.9813
14.199999999999966 82.3951
14.299999999999965 82.8912
14.399999999999965 83.1682
14.499999999999964 83.7912
14.599999999999964 1
14.699999999999964 1
14.799999999999963 2
14.899999999999963 2
14.999999999999963 3
15.099999999999962 3
15.199999999999962 7
15.299999999999962 7
15.399999999999961 14
15.499999999999961 14
15.599999999999961 28
15.69999999999996 28
15.79999999999996 41.3643
15.899999999999959 41.3643
15.999999999999959 42.3442
16.099999999999959 42.3442
16.19999999999996 43.325
16.299999999999962 43.325
16.399999999999963 44.3066
16.499999999999964 44.3066
16.599999999999966 45.2891
16.699999999999967 45.2891
16.799999999999969 46.2722
16.89999999999997 46.2722
16.999999999999972 47.2561
17.099999999999973 47.2561
17.199999999999974 48.2407
17.299999999999976 48.3028
17.399999999999977 49.2258
17.499999999999979 49.3679
17.59999999999998 50.2116
17.699999999999982 50.4699
17.799999999999983 51.1979
17.899999999999984 51.5483
17.999999999999986 52.1847
18.099999999999987 52.6237
18.199999999999989 53.172
18.29999999999999 53.6402
18.399999999999991 54.1597
18.499999999999993 54.5828
18.599999999999994 55.148
18.699999999999996 55.5095
18.799999999999997 56.1366
18.899999999999999 56.3854
19 57.1256
19.100000000000001 57.2131
19.200000000000003 58.115
19.300000000000004 58.115
19.400000000000006 59.1047
19.500000000000007 59.1047
19.600000000000009 60.0282
19.70000000000001 60.0948
19.800000000000011 60.8226
19.900000000000013 61.0852
20.000000000000014 61.5257
20.100000000000016 62.0759
20.200000000000017 62.1403
20.300000000000018 63.0669
20.40000000000002 63.0669
20.500000000000021 63.9331
20.600000000000023 64.0581
20.700000000000024 64.9574
20.800000000000026 65.0497
20.900000000000027 66.0112
21.000000000000028 66.0415
21.10000000000003 67.0186
21.200000000000031 67.0783
21.300000000000033 68.0258
21.400000000000034 68.158
21.500000000000036 69.0183
21.600000000000037 69.2353
21.700000000000038 70.011
21.80000000000004 70.011
21.900000000000041 71.0039
22.000000000000043 71.0883
22.100000000000044 71.997
22.200000000000045 72.1912
22.300000000000047 72.9765
22.400000000000048 73.2774
22.50000000000005 73.9567
22.600000000000051 74.3747
22.700000000000053 74.9373
22.800000000000054 75.456
22.900000000000055 75.9185
23.000000000000057 76.5482
23.100000000000058 76.9001
23.20000000000006 77.5992
23.300000000000061 77.8822
23.400000000000063 78.6108
23.500000000000064 78.8648
23.600000000000065 79.622
23.700000000000067 79.8478
23.800000000000068 80.6206
23.90000000000007 80.8312
24.000000000000071 81.6192
24.100000000000072 81.815
24.200000000000074 82.6057
24.300000000000075 82.7992
24.400000000000077 83.6045
24.500000000000078 83.7837
24.60000000000008 84.5915
24.700000000000081 84.7687
24.800000000000082 85.5788
24.900000000000084 85.7539
25.000000000000085 86.5433
25.100000000000087 86.7395
25.200000000000088 87.5086
25.30000000000009 87.7255
25.400000000000091 88.4521
25.500000000000092 88.7117
25.600000000000094 89.3744
25.700000000000095 89.6983
25.800000000000097 90.2762
25.900000000000098 90.6851
26.000000000000099 91.1362
26.100000000000101 91.6614
26.200000000000102 91.9446
26.300000000000104 92.5517
26.400000000000105 92.746
26.500000000000107 93.3907
26.600000000000108 93.6473
26.700000000000109 94.2435
26.800000000000111 94.6353
26.900000000000112 95.036
27.000000000000114 95.5921
27.100000000000115 95.7802
27.200000000000117 96.4461
27.300000000000118 96.7877
27.400000000000119 97.457
27.500000000000121 97.8564
27.600000000000122 98.4778
27.700000000000124 98.8933
27.800000000000125 99.468
27.900000000000126 99.8994
28.000000000000128 100.458
28.100000000000129 100.846
28.200000000000131 101.439
28.300000000000132 101.725
28.400000000000134 102.44
28.500000000000135 102.684
28.600000000000136 103.411
28.700000000000138 103.595
28.800000000000139 104.374
28.900000000000141 104.527
29.000000000000142 105.337
29.100000000000144 105.518
29.200000000000145 106.264
29.300000000000146 106.508
29.400000000000148 107.173
29.500000000000149 107.499
29.600000000000151 108
29.700000000000152 108.425
29.800000000000153 108.747
29.900000000000155 109.334
30.000000000000156 109.481
30.100000000000158 110.218
30.200000000000159 110.472
30.300000000000161 111.077
30.400000000000162 111.454
30.500000000000163 111.83
30.600000000000165 112.454
30.700000000000166 112.872
30.800000000000168 113.446
30.900000000000169 113.921
31.000000000000171 114.438
31.100000000000172 114.952
31.200000000000173 115.43
31.300000000000175 115.974
31.400000000000176 116.422
31.500000000000178 116.97
31.600000000000179 117.414
31.70000000000018 118.017
31.800000000000182 118.406
31.900000000000183 119.03
32.000000000000185 119.399
32.100000000000186 120.042
32.200000000000188 120.391
32.300000000000189 121.046
32.40000000000019 121.384
32.500000000000192 122.033
32.600000000000193 122.377
32.700000000000195 123.021
32.800000000000196 123.362
32.900000000000198 123.984
33.000000000000199 124.331
33.1000000000002 124.916
33.200000000000202 125.276
33.300000000000203 125.818
33.400000000000205 126.191
33.500000000000206 126.673
33.600000000000207 127.083
33.700000000000209 127.507
33.80000000000021 128.04
33.900000000000212 128.391
34.000000000000213 129.004
34.100000000000215 129.291
34.200000000000216 129.87
34.300000000000217 130.177
34.400000000000219 130.676
34.50000000000022 131.035
34.600000000000222 1
34.700000000000223 1
34.800000000000225 1
34.900000000000226 2
35.000000000000227 3
35.100000000000229 3
35.20000000000023 7
35.300000000000232 7
35.400000000000233 14
35.500000000000234 14
35.600000000000236 28
35.700000000000237 28
35.800000000000239 53
35.90000000000024 56
36.000000000000242 65.3682
36.100000000000243 65.7192
36.200000000000244 66.3251
36.300000000000246 66.701
36.400000000000247 67.3427
36.500000000000249 67.6834
36.60000000000025 68.389
36.700000000000252 68.6663
36.800000000000253 69.4339
36.900000000000254 69.6496
37.000000000000256 70.4633
37.100000000000257 70.6334
37.200000000000259 71.4919
37.30000000000026 71.6177
37.400000000000261 72.5197
37.500000000000263 72.6024
37.600000000000264 73.5195
37.700000000000266 73.6147
37.800000000000267 74.5328
37.900000000000269 74.6535
38.00000000000027 75.5324
38.100000000000271 75.7044
38.200000000000273 76.5452
38.300000000000274 76.767
38.400000000000276 77.5318
38.500000000000277 77.815
38.600000000000279 78.5187
38.70000000000028 78.8745
38.800000000000281 79.506
38.900000000000283 79.92
39.000000000000284 80.4936
39.100000000000286 80.9643
39.200000000000287 81.4814
39.300000000000288 82.0197
39.40000000000029 82.4696
39.500000000000291 83.0135
39.600000000000293 83.4581
39.700000000000294 84.0075
39.800000000000296 84.4468
39.900000000000297 84.978
40.000000000000298 85.4358
40.1000000000003 85.9144
40.200000000000301 86.4135
40.300000000000303 86.8176
40.400000000000304 87.3802
40.500000000000306 87.6887
40.600000000000307 88.3137
40.700000000000308 88.5286
40.80000000000031 89.2262
40.900000000000311 89.3942
41.000000000000313 90.1073
41.100000000000314 90.3843
41.200000000000315 90.9799
41.300000000000317 91.3528
41.400000000000318 91.8006
41.50000000000032 92.2895
41.600000000000321 92.5384
41.700000000000323 93.1738
41.800000000000324 93.3561
41.900000000000325 94.0286
42.000000000000327 94.3577
42.100000000000328 95.0546
42.20000000000033 95.4012
42.300000000000331 96.0801
42.400000000000333 96.4541
42.500000000000334 97.0948
42.600000000000335 97.4957
42.700000000000337 98.1194
42.800000000000338 98.5161
42.90000000000034 99.1233
43.000000000000341 99.4556
43.100000000000342 100.077
43.200000000000344 100.376
43.300000000000345 101.002
43.400000000000347 101.289
43.500000000000348 101.889
43.60000000000035 102.242
43.700000000000351 102.818
43.800000000000352 103.196
43.900000000000354 103.718
44.000000000000355 104.142
44.100000000000357 104.582
44.200000000000358 105.078
44.30000000000036 105.373
44.400000000000361 105.932
44.500000000000362 106.214
44.600000000000364 106.778
44.700000000000365 1
44.800000000000367 1
44.900000000000368 1
45.000000000000369 2
45.100000000000371 3
45.200000000000372 4
45.300000000000374 8
45.400000000000375 8
45.500000000000377 16
45.600000000000378 16
45.700000000000379 32
45.800000000000381 32
45.900000000000382 53.2072
46.000000000000384 53.2072
46.100000000000385 53.7682
46.200000000000387 54.1943
46.300000000000388 54.4704
46.400000000000389 55.1819
46.500000000000391 55.6152
46.600000000000392 56.1699
46.700000000000394 56.7368
46.800000000000395 57.1583
46.900000000000396 57.854
47.000000000000398 58.1472
47.100000000000399 58.984
47.200000000000401 59.1364
47.300000000000402 60.0926
47.400000000000404 60.1259
47.500000000000405 61.1158
47.600000000000406 61.1158
47.700000000000408 62.106
47.800000000000409 62.106
47.900000000000411 63.0965
48.000000000000412 63.0965
48.100000000000414 64.0874
48.200000000000415 64.0874
48.300000000000416 65.0785
48.400000000000418 65.0785
48.500000000000419 66.0698
48.600000000000421 66.0698
48.700000000000422 67.0614
48.800000000000423 67.1211
48.900000000000425 68.0533
49.000000000000426 68.2148
49.100000000000428 69.0454
49.200000000000429 69.2912
49.300000000000431 70.0377
49.400000000000432 70.3511
49.500000000000433 71.0302
49.600000000000435 71.3954
49.700000000000436 72.023
49.800000000000438 72.4245
49.900000000000439 73.0159
50.000000000000441 73.4529
50.100000000000442 74.009
50.200000000000443 74.467
50.300000000000445 75.0023
50.400000000000446 75.547
50.500000000000448 75.9958
50.600000000000449 76.6379
50.70000000000045 76.9764
50.800000000000452 77.662
50.900000000000453 77.9576
51.000000000000455 78.6854
51.100000000000456 78.9392
51.200000000000458 79.6455
51.300000000000459 79.9213
51.40000000000046 80.5693
51.500000000000462 80.9038
51.600000000000463 81.4336
51.700000000000465 81.8867
51.800000000000466 82.2766
51.900000000000468 82.8701
52.000000000000469 83.075
52.10000000000047 83.8538
52.200000000000472 83.8538
52.300000000000473 84.7907
52.400000000000475 84.8379
52.500000000000476 85.6824
52.600000000000477 85.8224
52.700000000000479 86.4609
52.80000000000048 86.8072
52.900000000000482 87.1177
53.000000000000483 87.7696
53.100000000000485 87.7924
53.200000000000486 88.6765
53.300000000000487 88.8229
53.400000000000489 89.6969
53.50000000000049 89.8973
53.600000000000492 90.7058
53.700000000000493 90.959
53.800000000000495 91.7036
53.900000000000496 92.0302
54.000000000000497 92.6907
54.100000000000499 93.089
54.2000000000005 93.6887
54.300000000000502 93.9764
54.400000000000503 94.6762
54.500000000000504 94.9399
54.600000000000506 95.6535
54.700000000000507 95.8728
54.800000000000509 96.6416
54.90000000000051 96.7554
55.000000000000512 97.6095
55.100000000000513 97.6607
55.200000000000514 98.5374
55.300000000000516 98.649
55.400000000000517 99.4567
55.500000000000519 99.6375
55.60000000000052 100.318
55.700000000000522 100.606
55.800000000000523 101.112
55.900000000000524 101.586
56.000000000000526 101.841
56.100000000000527 102.546
56.200000000000529 102.604
56.30000000000053 103.43
56.400000000000531 103.584
56.500000000000533 104.229
56.600000000000534 1
56.700000000000536 1
56.800000000000537 2
56.900000000000539 2
57.00000000000054 4
57.100000000000541 4
57.200000000000543 8
57.300000000000544 8
57.400000000000546 16
57.500000000000547 16
57.600000000000549 32
57.70000000000055 32
57.800000000000551 52.2303
57.900000000000553 52.2303
58.000000000000554 53.2168
58.100000000000556 53.2168
58.200000000000557 54.2037
58.300000000000558 54.2037
58.40000000000056 55.1911
58.500000000000561 55.1911
58.600000000000563 56.179
58.700000000000564 56.179
58.800000000000566 57.1673
58.900000000000567 57.1673
59.000000000000568 58.1559
59.10000000000057 58.1559
59.200000000000571 59.145
59.300000000000573 59.145
59.400000000000574 60.0512
59.500000000000576 60.1344
59.600000000000577 60.8782
59.700000000000578 61.1241
59.80000000000058 61.6455
59.900000000000581 62.1142
60.000000000000583 62.3553
60.100000000000584 63.1046
60.200000000000585 63.1046
60.300000000000587 64.0797
60.400000000000588 64.0953
60.50000000000059 64.84
60.600000000000591 65.0863
60.700000000000593 65.5151
60.800000000000594 66.0775
60.900000000000595 66.5901
61.000000000000597 67.069
61.100000000000598 67.6333
61.2000000000006 68.0608
61.300000000000601 68.6897
61.400000000000603 69.0528
61.500000000000604 69.7301
61.600000000000605 70.045
61.700000000000607 70.7694
61.800000000000608 71.0374
61.90000000000061 71.8215
62.000000000000611 72.03
62.100000000000612 72.8034
62.200000000000614 73.0229
62.300000000000615 73.8942
62.400000000000617 74.0159
62.500000000000618 74.9691
62.60000000000062 75.0091
62.700000000000621 75.9762
62.800000000000622 76.0025
62.900000000000624 76.9961
63.000000000000625 76.9961
63.100000000000627 77.977
63.200000000000628 77.977
63.30000000000063 78.9583
63.400000000000631 78.9583
63.500000000000632 79.9402
63.600000000000634 79.9652
63.700000000000635 80.9224
63.800000000000637 81.0583
63.900000000000638 81.9052
64.000000000000639 82.1368
64.100000000000634 82.8883
64.200000000000628 83.2254
64.300000000000622 83.8718
64.400000000000617 84.2762
64.500000000000611 84.8557
64.600000000000605 85.3258
64.7000000000006 85.84
64.800000000000594 86.3627
64.900000000000588 86.8246
65.000000000000583 87.3872
65.100000000000577 87.8096
65.200000000000571 88.3998
65.300000000000566 88.7949
65.40000000000056 89.4122
65.500000000000554 89.7805
65.600000000000549 90.4243
65.700000000000543 90.7665
65.800000000000537 91.4252
65.900000000000531 91.7528
66.000000000000526 92.4152
66.10000000000052 92.7393
66.200000000000514 93.4055
66.300000000000509 93.7261
66.400000000000503 94.3748
66.500000000000497 94.7132
66.600000000000492 95.3132
66.700000000000486 95.7006
66.80000000000048 96.2529
66.900000000000475 96.6883
67.000000000000469 97.1526
67.100000000000463 97.6762
67.200000000000458 98.0338
67.300000000000452 98.6339
67.400000000000446 98.8567
67.500000000000441 99.5221
67.600000000000435 99.6727
67.700000000000429 100.333
67.800000000000423 100.641
67.900000000000418 101.167
68.000000000000412 101.63
68.100000000000406 101.984
68.200000000000401 102.58
68.300000000000395 102.746
68.400000000000389 1
68.500000000000384 1
68.600000000000378 2
68.700000000000372 2
68.800000000000367 4
68.900000000000361 4
69.000000000000355 8
69.10000000000035 8
69.200000000000344 16
69.300000000000338 16
69.400000000000333 32
69.500000000000327 32
69.600000000000321 51.2543
69.700000000000315 51.2543
69.80000000000031 52.1442
69.900000000000304 52.2401
70.000000000000298 53.1511
70.100000000000293 53.2263
70.200000000000287 54.1947
70.300000000000281 54.2131
70.400000000000276 55.2004
70.50000000000027 55.2004
70.600000000000264 56.188
70.700000000000259 56.188
70.800000000000253 57.1762
70.900000000000247 57.2111
71.000000000000242 58.1647
71.100000000000236 58.2678
71.20000000000023 59.1536
71.300000000000225 59.3056
71.400000000000219 60.1429
71.500000000000213 60.3255
71.600000000000207 61.1325
71.700000000000202 61.3285
71.800000000000196 62.1224
71.90000000000019 62.3153
72.000000000000185 63.1127
72.100000000000179 63.3026
72.200000000000173 64.1033
72.300000000000168 64.2435
72.400000000000162 65.0941
72.500000000000156 65.1555
72.600000000000151 66.0852
72.700000000000145 66.0852
72.800000000000139 67.0766
72.900000000000134 67.0766
73.000000000000128 68.0242
73.100000000000122 68.0683
73.200000000000117 68.8716
73.300000000000111 69.0601
73.400000000000105 69.6514
73.500000000000099 70.0522
73.600000000000094 70.3656
73.700000000000088 71.0446
73.800000000000082 71.0446
73.900000000000077 72.0371
74.000000000000071 72.0371
74.100000000000065 72.8104
74.20000000000006 73.0299
74.300000000000054 73.7385
74.400000000000048 74.0228
74.500000000000043 74.7755
74.600000000000037 75.0159
74.700000000000031 75.7984
74.800000000000026 76.0092
74.90000000000002 76.8337
75.000000000000014 77.0027
75.100000000000009 77.8294
75.200000000000003 77.9963
75.299999999999997 78.8127
75.399999999999991 79.0407
75.499999999999986 79.909
75.59999999999998 80.109
75.699999999999974 80.9411
75.799999999999969 81.1878
75.899999999999963 81.9236
75.999999999999957 82.2525
76.099999999999952 82.9065
76.199999999999946 83.3036
76.29999999999994 83.8898
76.399999999999935 84.3653
76.499999999999929 84.8735
76.599999999999923 85.4255
76.699999999999918 85.8576
76.799999999999912 86.4611
76.899999999999906 86.842
76.999999999999901 87.4731
77.099999999999895 87.8268
77.199999999999889 88.4734
77.299999999999883 88.8119
77.399999999999878 89.4738
77.499999999999872 89.7974
77.599999999999866 90.4631
77.699999999999861 90.7831
77.799999999999855 91.4526
77.899999999999849 91.7692
77.999999999999844 92.4424
78.099999999999838 92.7556
78.199999999999832 93.4324
78.299999999999827 93.7529
78.399999999999821 94.4014
78.499999999999815 94.7292
78.59999999999981 95.371
78.699999999999804 95.7164
78.799999999999798 96.3205
78.899999999999793 96.7039
78.999999999999787 97.2813
79.099999999999781 97.6916
79.199999999999775 98.2225
79.29999999999977 98.6694
79.399999999999764 99.1447
79.499999999999758 99.6076
79.599999999999753 100.008
79.699999999999747 100.507
79.799999999999741 100.805
79.899999999999736 101.29
79.99999999999973 101.645
80.099999999999724 102.185
80.199999999999719 102.634
80.299999999999713 103.081
80.399999999999707 103.555
80.499999999999702 103.874
80.599999999999696 104.44
80.69999999999969 104.87
80.799999999999685 105.469
80.899999999999679 105.923
80.999999999999673 106.479
81.099999999999667 106.985
81.199999999999662 107.488
81.299999999999656 108.027
81.39999999999965 108.498
81.499999999999645 109.049
81.599999999999639 109.48
81.699999999999633 110.008
81.799999999999628 110.444
81.899999999999622 110.949
81.999999999999616 111.399
82.099999999999611 111.856
82.199999999999605 112.338
82.299999999999599 112.729
82.399999999999594 113.225
82.499999999999588 113.551
82.599999999999582 114.087
82.699999999999577 114.481
82.799999999999571 115.004
82.899999999999565 115.438
82.999999999999559 115.913
83.099999999999554 116.369
83.199999999999548 116.764
83.299999999999542 117.234
83.399999999999537 117.532
83.499999999999531 1
83.599999999999525 1
83.69999999999952 1
83.799999999999514 2
83.899999999999508 3
83.999999999999503 3
84.099999999999497 7
84.199999999999491 7
84.299999999999486 14
84.39999999999948 14
84.499999999999474 28
84.599999999999469 28
84.699999999999463 53
84.799999999999457 56
84.899999999999451 58.5492
84.999999999999446 58.9238
85.09999999999944 59.5989
85.199999999999434 59.9002
85.299999999999429 60.6469
85.399999999999423 60.8773
85.499999999999417 61.6771
85.599999999999412 61.8552
85.699999999999406 62.7063
85.7999999999994 62.8337
85.899999999999395 63.7346
85.999999999999389 63.813
86.099999999999383 64.7465
86.199999999999378 64.7928
86.299999999999372 65.7581
86.399999999999366 65.7733
86.499999999999361 66.7543
86.599999999999355 66.7543
86.699999999999349 67.7359
86.799999999999343 67.7802
86.899999999999338 68.718
86.999999999999332 68.7908
87.099999999999326 69.7007
87.199999999999321 69.7437
87.299999999999315 70.6838
87.399999999999309 70.6838
87.499999999999304 71.6395
87.599999999999298 71.6674
87.699999999999292 72.5688
87.799999999999287 72.6514
87.899999999999281 73.4727
87.999999999999275 73.6359
88.09999999999927 74.3522
88.199999999999264 74.6207
88.299999999999258 75.1416
88.399999999999253 75.606
88.499999999999247 75.8833
88.599999999999241 76.5916
88.699999999999235 76.5916
88.79999999999923 77.4615
88.899999999999224 77.5776
88.999999999999218 78.2962
89.099999999999213 78.564
89.199999999999207 78.983
89.299999999999201 79.5507
89.399999999999196 80.052
89.49999999999919 80.5377
89.599999999999184 81.1069
89.699999999999179 81.5251
89.799999999999173 82.1605
89.899999999999167 82.5127
89.999999999999162 83.2007
90.099999999999156 83.5007
90.19999999999915 84.2637
90.299999999999145 84.4889
90.399999999999139 85.29
90.499999999999133 85.4774
90.599999999999127 86.1069
90.699999999999122 86.4662
90.799999999999116 87.1229
90.89999999999911 87.4552
90.999999999999105 88.1953
91.099999999999099 88.4445
91.199999999999093 89.2773
91.299999999999088 89.434
91.399999999999082 90.313
91.499999999999076 90.4237
91.599999999999071 91.3261
91.699999999999065 91.4136
91.799999999999059 92.3172
91.899999999999054 92.4038
91.999999999999048 93.3085
92.099999999999042 93.3942
92.199999999999037 94.2788
92.299999999999031 94.3848
92.399999999999025 95.2392
92.499999999999019 95.3756
92.599999999999014 96.1795
92.699999999999008 96.3665
92.799999999999002 97.0799
92.899999999998997 97.3577
92.999999999998991 97.9414
93.099999999998985 98.349
93.19999999999898 98.7549
93.299999999998974 99.3405
93.399999999998968 99.5216
93.499999999998963 100.302
93.599999999998957 100.332
93.699999999998951 101.176
93.799999999998946 101.324
93.89999999999894 101.964
93.999999999998934 102.316
94.099999999998929 102.706
94.199999999998923 103.308
94.299999999998917 103.762
94.399999999998911 104.3
94.499999999998906 104.798
94.5999999999989 105.293
94.699999999998894 105.852
94.799999999998889 106.285
94.899999999998883 106.886
94.999999999998877 107.278
95.099999999998872 107.92
95.199999999998866 108.271
95.29999999999886 108.907
95.399999999998855 109.264
95.499999999998849 109.866
95.599999999998843 110.257
95.699999999998838 110.782
95.799999999998832 111.25
95.899999999998826 111.681
95.99999999999882 112.244
96.099999999998815 112.537
96.199999999998809 113.211
96.299999999998803 113.378
96.399999999998798 114.161
96.499999999998792 114.231
96.599999999998786 115.068
96.699999999998781 115.225
96.799999999998775 115.899
96.899999999998769 116.218
96.999999999998764 116.699
97.099999999998758 117.195
97.199999999998752 117.425
97.299999999998747 118.113
97.399999999998741 118.206
97.499999999998735 118.982
97.59999999999873 1
97.699999999998724 1
97.799999999998718 2
97.899999999998712 2
97.999999999998707 4
98.099999999998701 4
98.199999999998695 8
98.29999999999869 8
98.399999999998684 16
98.499999999998678 22
98.599999999998673 32
98.699999999998667 46
98.799999999998661 59.0847
98.899999999998656 59.4727
98.99999999999865 60.0751
99.099999999998644 60.5229
99.199999999998639 61.0658
99.299999999998633 61.0658
99.399999999998627 61.0658
99.499999999998622 1
99.599999999998616 1
99.69999999999861 1
99.799999999998604 1
99.899999999998599 1
99.999999999998593 1
