0 1
0.10000000000000001 1
0.20000000000000001 1
0.30000000000000004 1
0.40000000000000002 1
0.5 1
0.59999999999999998 1
0.69999999999999996 1
0.79999999999999993 1
0.89999999999999991 1
0.99999999999999989 1
1.0999999999999999 1
1.2 2
1.3 2
1.4000000000000001 4
1.5000000000000002 4
1.6000000000000003 8
1.7000000000000004 8
1.8000000000000005 16
1.9000000000000006 16
2.0000000000000004 32
2.1000000000000005 32
2.2000000000000006 64
2.3000000000000007 64
2.4000000000000008 128
2.5000000000000009 144
2.600000000000001 1
2.7000000000000011 1
2.8000000000000012 2
2.9000000000000012 2
3.0000000000000013 3
3.1000000000000014 3
3.2000000000000015 5
3.3000000000000016 5
3.4000000000000017 8
3.5000000000000018 8
3.6000000000000019 13
3.700000000000002 13
3.800000000000002 16
3.9000000000000021 16
4.0000000000000018 25
4.1000000000000014 25
4.2000000000000011 38
4.3000000000000007 44
4.4000000000000004 58
4.5 76
4.5999999999999996 108
4.6999999999999993 113.345
4.7999999999999989 113.908
4.8999999999999986 114.285
4.9999999999999982 114.896
5.0999999999999979 115.2
5.1999999999999975 115.884
5.2999999999999972 116.073
5.3999999999999968 116.872
5.4999999999999964 116.975
5.5999999999999961 117.86
5.6999999999999957 117.911
5.7999999999999954 118.748
5.899999999999995 118.857
5.9999999999999947 119.52
6.0999999999999943 119.838
6.199999999999994 120.279
6.2999999999999936 120.827
6.3999999999999932 121.075
6.4999999999999929 1
6.5999999999999925 1
6.6999999999999922 2
6.7999999999999918 2
6.8999999999999915 3
6.9999999999999911 3
7.0999999999999908 4
7.1999999999999904 4
7.2999999999999901 5
7.3999999999999897 6
7.4999999999999893 12
7.599999999999989 22
7.6999999999999886 24
7.7999999999999883 48
7.8999999999999879 48
7.9999999999999876 60.4649
8.0999999999999872 60.5971
8.1999999999999869 61.4819
8.2999999999999865 61.5794
8.3999999999999861 62.4183
8.4999999999999858 62.5623
8.5999999999999854 63.325
8.6999999999999851 63.5457
8.7999999999999847 64.1722
8.8999999999999844 64.5296
8.999999999999984 65.0083
9.0999999999999837 65.514
9.1999999999999833 65.8186
9.2999999999999829 66.4989
9.3999999999999826 66.6491
9.4999999999999822 67.4842
9.5999999999999819 67.5138
9.6999999999999815 68.4699
9.7999999999999812 68.4699
9.8999999999999808 69.3119
9.9999999999999805 69.4561
10.09999999999998 1
10.19999999999998 1
10.299999999999979 1
10.399999999999979 2
10.499999999999979 3
10.599999999999978 3
10.699999999999978 4
10.799999999999978 4
10.899999999999977 10
10.999999999999977 10
11.099999999999977 20
11.199999999999976 20
11.299999999999976 34.1761
11.399999999999975 34.1761
11.499999999999975 35.1573
11.599999999999975 35.1573
11.699999999999974 36.1395
11.799999999999974 36.1395
11.899999999999974 37.1226
11.999999999999973 37.1226
12.099999999999973 38.1066
12.199999999999973 38.1066
12.299999999999972 39.0914
12.399999999999972 39.1681
12.499999999999972 40.077
12.599999999999971 40.2016
12.699999999999971 41.0632
12.799999999999971 41.1606
12.89999999999997 42.0501
12.99999999999997 42.1214
13.099999999999969 43.0376
13.199999999999969 43.0608
13.299999999999969 44.0257
13.399999999999968 44.0257
13.499999999999968 45.0142
13.599999999999968 45.0142
13.699999999999967 46.0033
13.799999999999967 46.0033
13.899999999999967 46.8222
13.999999999999966 46.9928
14.099999999999966 47.5009
14.199999999999966 47.9619
14.299999999999965 48.17
14.399999999999965 48.9322
14.499999999999964 49.0139
14.599999999999964 49.9037
14.699999999999964 49.9037
14.799999999999963 1
14.899999999999963 1
14.999999999999963 2
15.099999999999962 2
15.199999999999962 4
15.299999999999962 4
15.399999999999961 8
15.499999999999961 8
15.599999999999961 16
15.69999999999996 18
15.79999999999996 25.2787
15.899999999999959 26.02
15.999999999999959 26.2497
16.099999999999959 27.2229
16.19999999999996 27.2229
16.299999999999962 28.1979
16.399999999999963 28.1979
16.499999999999964 29.1746
16.599999999999966 29.1746
16.699999999999967 30.1527
16.799999999999969 30.1527
16.89999999999997 31.1323
16.999999999999972 31.1323
17.099999999999973 32.1131
17.199999999999974 32.1131
17.299999999999976 33.095
17.399999999999977 33.095
17.499999999999979 34.078
17.59999999999998 34.078
17.699999999999982 35.0619
17.799999999999983 35.0619
17.899999999999984 36.0467
17.999999999999986 36.1022
18.099999999999987 37.0323
18.199999999999989 37.1133
18.29999999999999 38.0187
18.399999999999991 38.15
18.499999999999993 39.0057
18.599999999999994 39.1337
18.699999999999996 39.9934
18.799999999999997 40.0933
18.899999999999999 40.9572
19 41.0304
19.100000000000001 41.9228
19.200000000000003 41.9466
19.300000000000004 42.8899
19.400000000000006 42.8899
19.500000000000007 43.8584
19.600000000000009 43.8584
19.70000000000001 44.5598
19.800000000000011 44.8284
19.900000000000013 45.2945
20.000000000000014 45.7996
20.100000000000016 46.1044
20.200000000000017 46.7721
20.300000000000018 46.8362
20.40000000000002 1
20.500000000000021 1
20.600000000000023 2
20.700000000000024 2
20.800000000000026 3
20.900000000000027 3
21.000000000000028 7
21.10000000000003 7
21.200000000000031 14
21.300000000000033 14
21.400000000000034 23.2166
21.500000000000036 23.2166
21.600000000000037 24.1878
21.700000000000038 24.1878
21.80000000000004 25.1613
21.900000000000041 25.5559
22.000000000000043 26.1367
22.100000000000044 27.003
22.200000000000045 27.1139
22.300000000000047 28.0927
22.400000000000048 28.0927
22.50000000000005 29.0729
22.600000000000051 29.0729
22.700000000000053 30.0544
22.800000000000054 30.0544
22.900000000000055 31.0371
23.000000000000057 31.0371
23.100000000000058 32.0208
23.20000000000006 32.052
23.300000000000061 33.0055
23.400000000000063 33.0963
23.500000000000064 33.991
23.600000000000065 34.1086
23.700000000000067 34.9488
23.800000000000068 35.1486
23.90000000000007 35.9089
24.000000000000071 36.1864
24.100000000000072 36.871
24.200000000000074 37.2489
24.300000000000075 37.8351
24.400000000000077 38.3081
24.500000000000078 38.8011
24.60000000000008 39.3642
24.700000000000081 39.819
24.800000000000082 40.4174
24.900000000000084 40.8359
25.000000000000085 41.4438
25.100000000000087 41.8282
25.200000000000088 42.3983
25.30000000000009 42.7974
25.400000000000091 43.3547
25.500000000000092 43.7452
25.600000000000094 44.2906
25.700000000000095 44.6729
25.800000000000097 45.207
25.900000000000098 45.6036
26.000000000000099 46.1053
26.100000000000101 46.5801
26.200000000000102 47.0501
26.300000000000104 47.5576
26.400000000000105 47.9556
26.500000000000107 48.536
26.600000000000108 48.8032
26.700000000000109 49.3535
26.800000000000111 49.6364
26.900000000000112 50.1775
27.000000000000114 1
27.100000000000115 1
27.200000000000117 1
27.300000000000118 2
27.400000000000119 2
27.500000000000121 4
27.600000000000122 6
27.700000000000124 8
27.800000000000125 16
27.900000000000126 16
28.000000000000128 25.2787
28.100000000000129 25.2787
28.200000000000131 26.2497
28.300000000000132 26.2497
28.400000000000134 27.2229
28.500000000000135 27.2229
28.600000000000136 28.1979
28.700000000000138 28.1979
28.800000000000139 29.1746
28.900000000000141 29.1746
29.000000000000142 29.9864
29.100000000000144 30.1527
29.200000000000145 30.6791
29.300000000000146 31.1323
29.400000000000148 31.4202
29.500000000000149 32.1131
29.600000000000151 32.2064
29.700000000000152 33.095
29.800000000000153 33.1252
29.900000000000155 34.078
30.000000000000156 34.078
30.100000000000158 34.9762
30.200000000000159 35.0619
30.300000000000161 35.4873
30.400000000000162 1
30.500000000000163 1
30.600000000000165 2
30.700000000000166 2
30.800000000000168 4
30.900000000000169 4
31.000000000000171 8
31.100000000000172 9
31.200000000000173 16
31.300000000000175 17.5794
31.400000000000176 17.862
31.500000000000178 18.791
31.600000000000179 18.791
31.70000000000018 19.7269
31.800000000000182 19.7269
31.900000000000183 20.6687
32.000000000000185 20.6687
32.100000000000186 21.6157
32.200000000000188 21.6157
32.300000000000189 22.5673
32.40000000000019 22.5673
32.500000000000192 23.5229
32.600000000000193 23.5229
32.700000000000195 24.4819
32.800000000000196 24.4819
32.900000000000198 25.4441
33.000000000000199 25.4441
33.1000000000002 26.4091
33.200000000000202 26.4091
33.300000000000203 27.3766
33.400000000000205 27.3766
33.500000000000206 28.3463
33.600000000000207 28.3463
33.700000000000209 29.318
33.80000000000021 29.318
33.900000000000212 29.926
34.000000000000213 30.2916
34.100000000000215 30.4891
34.200000000000216 31.2668
34.300000000000217 31.3307
34.400000000000219 32.2435
34.50000000000022 32.2435
34.600000000000222 1
34.700000000000223 1
34.800000000000225 1
34.900000000000226 1
35.000000000000227 1
35.100000000000229 2
35.20000000000023 2
35.300000000000232 2.9
35.400000000000233 2.9
35.500000000000234 3.55301
35.600000000000236 4.33944
35.700000000000237 4.33944
35.800000000000239 5.19763
35.90000000000024 5.19763
36.000000000000242 6.09735
36.100000000000243 6.09735
36.200000000000244 7.02286
36.300000000000246 7.02286
36.400000000000247 7.96541
36.500000000000249 7.96541
36.60000000000025 8.80618
36.700000000000252 8.80618
36.800000000000253 9.67696
36.900000000000254 9.67696
37.000000000000256 10.5704
37.100000000000257 10.5704
37.200000000000259 11.4811
37.30000000000026 11.5682
37.400000000000261 12.4054
37.500000000000263 12.8814
37.600000000000264 13.3404
37.700000000000266 14.143
37.800000000000267 14.2841
37.900000000000269 15.2348
38.00000000000027 15.2348
38.100000000000271 16.1914
38.200000000000273 16.1914
38.300000000000274 17.1528
38.400000000000276 17.1528
38.500000000000277 18.1183
38.600000000000279 18.1183
38.70000000000028 19.0873
38.800000000000281 19.0873
38.900000000000283 20.0593
39.000000000000284 20.0593
39.100000000000286 21.0338
39.200000000000287 21.0338
39.300000000000288 22.0106
39.40000000000029 22.0106
39.500000000000291 22.9894
39.600000000000293 23.0329
39.700000000000294 23.928
39.800000000000296 24.0116
39.900000000000297 24.8715
40.000000000000298 24.9919
40.1000000000003 25.8191
40.200000000000301 25.8965
40.300000000000303 26.7706
40.400000000000304 26.7706
40.500000000000306 27.7254
40.600000000000307 27.7254
40.700000000000308 28.6833
40.80000000000031 28.6833
40.900000000000311 29.644
41.000000000000313 29.644
41.100000000000314 30.3775
41.200000000000315 30.6071
41.300000000000317 31.0292
41.400000000000318 31.5726
41.50000000000032 31.7306
41.600000000000321 1
41.700000000000323 1
41.800000000000324 2
41.900000000000325 2
42.000000000000327 3
42.100000000000328 3
42.20000000000033 7
42.300000000000331 7
42.400000000000333 14
42.500000000000334 14
42.600000000000335 16.7345
42.700000000000337 16.7345
42.800000000000338 17.6663
42.90000000000034 17.6663
43.000000000000341 18.6051
43.100000000000342 18.6051
43.200000000000344 19.55
43.300000000000345 19.55
43.400000000000347 20.5
43.500000000000348 20.5
43.60000000000035 21.4545
43.700000000000351 21.4545
43.800000000000352 22.4129
43.900000000000354 22.4129
44.000000000000355 23.1597
44.100000000000357 23.3748
44.200000000000358 23.7991
44.30000000000036 24.3397
44.400000000000361 24.5036
44.500000000000362 25.3073
44.600000000000364 25.3073
44.700000000000365 1
44.800000000000367 1
44.900000000000368 2
45.000000000000369 2
45.100000000000371 3
45.200000000000372 3
45.300000000000374 7
45.400000000000375 7
45.500000000000377 12.1661
45.600000000000378 12.1661
45.700000000000379 13.1183
45.800000000000381 13.1183
45.900000000000382 14.0769
46.000000000000384 14.0769
46.100000000000385 15.0408
46.200000000000387 15.305
46.300000000000388 16.009
46.400000000000389 16.9808
46.500000000000391 16.9808
46.600000000000392 17.8997
46.700000000000394 17.8997
46.800000000000395 18.8269
46.900000000000396 18.8269
47.000000000000398 19.7611
47.100000000000399 19.7611
47.200000000000401 20.7014
47.300000000000402 20.7014
47.400000000000404 21.647
47.500000000000405 21.647
47.600000000000406 22.5972
47.700000000000408 23.3381
47.800000000000409 23.5516
47.900000000000411 24.5095
48.000000000000412 24.5095
48.100000000000414 25.4706
48.200000000000415 25.4706
48.300000000000416 26.4347
48.400000000000418 26.4347
48.500000000000419 27.4012
48.600000000000421 27.4012
48.700000000000422 28.3701
48.800000000000423 28.3701
48.900000000000425 29.341
49.000000000000426 29.4091
49.100000000000428 30.3138
49.200000000000429 30.5112
49.300000000000431 31.2883
49.400000000000432 31.6065
49.500000000000433 32.2644
49.600000000000435 32.7568
49.700000000000436 33.2418
49.800000000000438 33.8975
49.900000000000439 34.2206
50.000000000000441 35.1152
50.100000000000442 35.2005
50.200000000000443 36.1816
50.300000000000445 36.1816
50.400000000000446 37.1636
50.500000000000448 37.1636
50.600000000000449 38.1465
50.70000000000045 38.1727
50.800000000000452 39.1303
50.900000000000453 39.1814
51.000000000000455 40.1149
51.100000000000456 40.1897
51.200000000000458 41.1003
51.300000000000459 41.1732
51.40000000000046 42.0863
51.500000000000462 42.1338
51.600000000000463 43.073
51.700000000000465 43.0962
51.800000000000466 44.0602
51.900000000000468 44.0602
52.000000000000469 45.048
52.10000000000047 45.048
52.200000000000472 46.0364
52.300000000000473 46.0364
52.400000000000475 46.705
52.500000000000476 47.0252
52.600000000000477 47.3432
52.700000000000479 48.0145
52.80000000000048 48.0977
52.900000000000482 49.0042
53.000000000000483 49.0042
53.100000000000485 1
53.200000000000486 1
53.300000000000487 2
53.400000000000489 2
53.50000000000049 3
53.600000000000492 3
53.700000000000493 7
53.800000000000495 7
53.900000000000496 14
54.000000000000497 14
54.100000000000499 24.1662
54.2000000000005 24.2902
54.300000000000502 25.1405
54.400000000000503 25.2993
54.500000000000504 26.1167
54.600000000000506 26.2696
54.700000000000507 27.0947
54.800000000000509 27.1684
54.90000000000051 28.0741
55.000000000000512 28.1098
55.100000000000513 29.055
55.200000000000514 29.055
55.300000000000516 30.0371
55.400000000000517 30.0371
55.500000000000519 31.0203
55.60000000000052 31.0203
55.700000000000522 32.0045
55.800000000000523 32.0045
55.900000000000524 32.7156
56.000000000000526 32.9897
56.100000000000527 33.2916
56.200000000000529 33.9462
56.30000000000053 34.0345
56.400000000000531 1
56.500000000000533 1
56.600000000000534 2
56.700000000000536 2
56.800000000000537 3
56.900000000000539 3
57.00000000000054 7
57.100000000000541 7
57.200000000000543 14
57.300000000000544 14
57.400000000000546 17.6362
57.500000000000547 17.6362
57.600000000000549 18.5766
57.70000000000055 18.5766
57.800000000000551 19.5228
57.900000000000553 19.8281
58.000000000000554 20.474
58.100000000000556 21.1948
58.200000000000557 21.4297
58.300000000000558 22.3444
58.40000000000056 22.3892
58.500000000000561 23.352
58.600000000000563 23.352
58.700000000000564 24.3179
58.800000000000566 24.3179
58.900000000000567 25.2863
59.000000000000568 25.2863
59.10000000000057 26.1425
59.200000000000571 26.2571
59.300000000000573 26.8227
59.400000000000574 27.23
59.500000000000576 27.5587
59.600000000000577 28.2047
59.700000000000578 28.3463
59.80000000000058 29.1812
59.900000000000581 29.1812
60.000000000000583 30.1591
60.100000000000584 30.1591
60.200000000000585 31.1385
60.300000000000587 31.1385
60.400000000000588 31.9003
60.50000000000059 32.1191
60.600000000000591 32.4291
60.700000000000593 1
60.800000000000594 1
60.900000000000595 2
61.000000000000597 2
61.100000000000598 4
61.2000000000006 4
61.300000000000601 8
61.400000000000603 8
61.500000000000604 16
61.600000000000605 16.6746
61.700000000000607 16.9723
61.800000000000608 17.8917
61.90000000000061 17.8917
62.000000000000611 18.8192
62.100000000000612 18.8192
62.200000000000614 19.7538
62.300000000000615 19.7538
62.400000000000617 20.6944
62.500000000000618 20.6944
62.60000000000062 21.6403
62.700000000000621 21.6403
62.800000000000622 22.5908
62.900000000000624 22.8989
63.000000000000625 23.5454
63.100000000000627 24.2985
63.200000000000628 24.5036
63.30000000000063 25.465
63.400000000000631 25.465
63.500000000000632 26.4292
63.600000000000634 26.4292
63.700000000000635 27.396
63.800000000000637 27.396
63.900000000000638 28.365
64.000000000000639 28.365
64.100000000000634 29.3361
64.200000000000628 29.3702
64.300000000000622 30.3091
64.400000000000617 30.375
64.500000000000611 31.2837
64.600000000000605 31.4114
64.7000000000006 32.2599
64.800000000000594 32.4455
64.900000000000588 33.2375
65.000000000000583 33.4774
65.100000000000577 34.2164
65.200000000000571 34.5365
65.300000000000566 35.1964
65.40000000000056 35.564
65.500000000000554 36.1776
65.600000000000549 36.6446
65.700000000000543 37.1597
65.800000000000537 37.6943
65.900000000000531 38.169
66.000000000000526 38.7671
66.10000000000052 39.2033
66.200000000000514 39.811
66.300000000000509 40.211
66.400000000000503 40.8036
66.500000000000497 41.194
66.600000000000492 41.7488
66.700000000000486 42.1541
66.80000000000048 42.673
66.900000000000475 43.116
67.000000000000469 43.6005
67.100000000000463 44.0796
67.200000000000458 44.4862
67.300000000000452 45.0448
67.400000000000446 45.3987
67.500000000000441 46.0332
67.600000000000435 46.3148
67.700000000000429 47.0221
67.800000000000423 47.2343
67.900000000000418 47.8236
68.000000000000412 48.1363
68.100000000000406 48.5707
68.200000000000401 49.042
68.300000000000395 49.428
68.400000000000389 49.9714
68.500000000000384 1
68.600000000000378 1
68.700000000000372 2
68.800000000000367 4
68.900000000000361 4
69.000000000000355 8
69.10000000000035 8
69.200000000000344 16
69.300000000000338 16
69.400000000000333 24.3313
69.500000000000327 24.3313
69.600000000000321 25.2993
69.700000000000315 25.2993
69.80000000000031 26.1933
69.900000000000304 26.2696
70.000000000000298 27.242
70.100000000000293 27.242
70.200000000000287 28.2163
70.300000000000281 28.2518
70.400000000000276 29.1924
70.50000000000027 29.3292
70.600000000000264 30.17
70.700000000000259 30.4342
70.800000000000253 31.149
70.900000000000247 31.5321
71.000000000000242 32.1293
71.100000000000236 32.6544
71.20000000000023 33.1108
71.300000000000225 33.7689
71.400000000000219 34.0933
71.500000000000213 34.9339
71.600000000000207 35.0768
71.700000000000202 36.0334
71.800000000000196 36.0612
71.90000000000019 37.0464
72.000000000000185 37.0464
72.100000000000179 38.0324
72.200000000000173 38.0324
72.300000000000168 39.0191
72.400000000000162 39.0191
72.500000000000156 40.0064
72.600000000000151 40.0064
72.700000000000145 40.9211
72.800000000000139 40.9943
72.900000000000134 41.7199
73.000000000000128 41.959
73.100000000000122 42.5038
73.200000000000117 42.9253
73.300000000000111 43.204
73.400000000000105 43.8931
73.500000000000099 44.0069
73.600000000000094 44.8623
73.700000000000088 44.8623
73.800000000000082 45.8328
73.900000000000077 45.8328
74.000000000000071 1
74.100000000000065 1
74.20000000000006 1
74.300000000000054 2
74.400000000000048 4
74.500000000000043 4
74.600000000000037 8
74.700000000000031 8
74.800000000000026 16
74.90000000000002 16
75.000000000000014 23.3884
75.100000000000009 23.3884
75.200000000000003 24.3528
75.299999999999997 24.3528
75.399999999999991 25.3199
75.499999999999986 25.3199
75.59999999999998 26.2894
75.699999999999974 26.5545
75.799999999999969 27.2611
75.899999999999963 27.8782
75.999999999999957 28.2348
76.099999999999952 29.004
76.199999999999946 29.2103
76.29999999999994 30.0544
76.399999999999935 30.1873
76.499999999999929 31.1336
76.599999999999923 31.1658
76.699999999999918 32.1455
76.799999999999912 32.1455
76.899999999999906 33.1265
76.999999999999901 33.1265
77.099999999999895 34.1086
77.199999999999889 34.1964
77.299999999999883 35.0916
77.399999999999878 35.2623
77.499999999999872 36.0756
77.599999999999866 36.3519
77.699999999999861 37.0605
77.799999999999855 37.5165
77.899999999999849 38.0461
77.999999999999844 38.6461
78.099999999999838 39.0324
78.199999999999832 39.7435
78.299999999999827 40.0194
78.399999999999821 40.7624
78.499999999999815 41.0071
78.59999999999981 41.7085
78.699999999999804 41.9953
78.799999999999798 42.5866
78.899999999999793 42.9607
78.999999999999787 43.4009
79.099999999999781 43.9278
79.199999999999775 44.2228
79.29999999999977 44.8962
79.399999999999764 45.1406
79.499999999999758 45.866
79.599999999999753 46.0836
79.699999999999747 46.8371
79.799999999999741 47.0501
79.899999999999736 47.8093
79.99999999999973 47.9973
80.099999999999724 48.4948
80.199999999999719 48.8032
80.299999999999713 49.1707
80.399999999999707 1
80.499999999999702 1
80.599999999999696 2
80.69999999999969 2
80.799999999999685 3
80.899999999999679 3
80.999999999999673 7
81.099999999999667 7
81.199999999999662 14
81.299999999999656 14
81.39999999999965 24.1662
81.499999999999645 24.3313
81.599999999999639 25.1405
81.699999999999633 25.2993
81.799999999999628 26.1167
81.899999999999622 26.2696
81.999999999999616 27.0947
82.099999999999611 27.1684
82.199999999999605 28.0741
82.299999999999599 28.1098
82.399999999999594 29.055
82.499999999999588 29.055
82.599999999999582 30.0371
82.699999999999577 30.0371
82.799999999999571 30.988
82.899999999999565 31.0203
82.999999999999559 31.5321
83.099999999999554 32.0045
83.199999999999548 32.3156
83.299999999999542 32.9897
83.399999999999537 33.141
83.499999999999531 33.9462
83.599999999999525 33.9462
83.69999999999952 1
83.799999999999514 1
83.899999999999508 2
83.999999999999503 2
84.099999999999497 3
84.199999999999491 7
84.299999999999486 7
84.39999999999948 14
84.499999999999474 14
84.599999999999469 17.6362
84.699999999999463 17.6362
84.799999999999457 18.5766
84.899999999999451 18.5766
84.999999999999446 19.5228
85.09999999999944 19.5228
85.199999999999434 20.474
85.299999999999429 20.474
85.399999999999423 21.4297
85.499999999999417 21.4297
85.599999999999412 22.3892
85.699999999999406 22.3892
85.7999999999994 23.352
85.899999999999395 23.352
85.999999999999389 24.3179
86.099999999999383 24.3179
86.199999999999378 25.2863
86.299999999999372 25.2863
86.399999999999366 26.2571
86.499999999999361 26.2952
86.599999999999355 27.23
86.699999999999349 27.34
86.799999999999343 28.2047
86.899999999999338 28.3463
86.999999999999332 29.1812
87.099999999999326 29.3862
87.199999999999321 30.1591
87.299999999999315 30.3905
87.399999999999309 31.1385
87.499999999999304 31.3307
87.599999999999298 32.1191
87.699999999999292 32.2745
87.799999999999287 33.1009
87.899999999999281 33.1914
87.999999999999275 34.0837
88.09999999999927 34.1423
88.199999999999264 35.0674
88.299999999999258 35.0674
88.399999999999253 35.9131
88.499999999999247 36.0521
88.599999999999241 36.6028
88.699999999999235 37.0375
88.79999999999923 37.3602
88.899999999999224 38.0238
88.999999999999218 38.1813
89.099999999999213 38.9593
89.199999999999207 1
89.299999999999201 1
89.399999999999196 2
89.49999999999919 2
89.599999999999184 3
89.699999999999179 3
89.799999999999173 6
89.899999999999167 6
89.999999999999162 12
90.099999999999156 12
90.19999999999915 19.2617
90.299999999999145 19.2617
90.399999999999139 20.2253
90.499999999999133 20.2253
90.599999999999127 21.1922
90.699999999999122 21.1922
90.799999999999116 22.162
90.89999999999911 22.162
90.999999999999105 23.1343
91.099999999999099 23.1343
91.199999999999093 24.1089
91.299999999999088 24.1918
91.399999999999082 25.0854
91.499999999999076 25.4026
91.599999999999071 26.0637
91.699999999999065 26.5204
91.799999999999059 27.0435
91.899999999999054 27.6292
91.999999999999048 28.0248
92.099999999999042 28.5904
92.199999999999037 29.0073
92.299999999999031 29.4863
92.399999999999025 29.9909
92.499999999999019 30.3227
92.599999999999014 30.9433
92.699999999999008 31.1688
92.799999999999002 31.8986
92.899999999998997 32.0238
92.999999999998991 32.8565
93.099999999998985 32.8565
93.19999999999898 33.8168
93.299999999998974 33.8168
93.399999999998968 34.7794
93.499999999998963 34.7794
93.599999999998957 35.716
93.699999999998951 35.744
93.799999999998946 36.2166
93.89999999999894 36.7105
93.999999999998934 36.8736
94.099999999998929 1
94.199999999998923 1
94.299999999998917 2
94.399999999998911 2
94.499999999998906 3
94.5999999999989 3
94.699999999998894 4
94.799999999998889 10
94.899999999998883 10
94.999999999998877 18.1109
95.099999999998872 18.1109
95.199999999998866 19.0803
95.29999999999886 19.0803
95.399999999998855 20.0526
95.499999999998849 20.0526
95.599999999998843 21.0275
95.699999999998838 21.0275
95.799999999998832 21.8677
95.899999999998826 22.0046
95.99999999999882 22.4994
96.099999999998815 22.9836
96.199999999998809 23.2003
96.299999999998803 23.9225
96.399999999998798 24.0477
96.499999999998792 24.8661
96.599999999998786 24.8661
96.699999999998781 25.814
96.799999999998775 25.814
96.899999999998769 26.7656
96.999999999998764 26.7656
97.099999999998758 27.6121
97.199999999998752 27.7206
97.299999999998747 28.1504
97.399999999998741 28.6787
97.499999999998735 28.7484
97.59999999999873 1
97.699999999998724 1
97.799999999998718 2
97.899999999998712 3
97.999999999998707 3
98.099999999998701 7
98.199999999998695 7
98.29999999999869 14
98.399999999998684 14
98.499999999998678 14.9689
98.599999999998673 14.9689
98.699999999998667 15.8785
98.799999999998661 15.8785
98.899999999998656 16.7983
98.99999999999865 16.7983
99.099999999998644 17.7267
99.199999999998639 17.7267
99.299999999998633 17.7267
99.399999999998627 1
99.499999999998622 1
99.599999999998616 1
99.69999999999861 1
99.799999999998604 1
99.899999999998599 1
99.999999999998593 1
