0 1
0.10000000000000001 1
0.20000000000000001 1
0.30000000000000004 1
0.40000000000000002 1
0.5 1
0.59999999999999998 1
0.69999999999999996 1
0.79999999999999993 1
0.89999999999999991 1
0.99999999999999989 1
1.0999999999999999 1
1.2 2
1.3 2
1.4000000000000001 4
1.5000000000000002 4
1.6000000000000003 8
1.7000000000000004 8
1.8000000000000005 16
1.9000000000000006 16
2.0000000000000004 32
2.1000000000000005 32
2.2000000000000006 64
2.3000000000000007 64
2.4000000000000008 128
2.5000000000000009 144
2.600000000000001 113
2.7000000000000011 113
2.8000000000000012 113.009
2.9000000000000012 113.009
3.0000000000000013 113.009
3.1000000000000014 1
3.2000000000000015 1
3.3000000000000016 2
3.4000000000000017 2
3.5000000000000018 3
3.6000000000000019 3
3.700000000000002 5
3.800000000000002 5
3.9000000000000021 8
4.0000000000000018 10
4.1000000000000014 13
4.2000000000000011 15
4.3000000000000007 15
4.4000000000000004 24
4.5 24
4.5999999999999996 36
4.6999999999999993 36
4.7999999999999989 55
4.8999999999999986 55
4.9999999999999982 56.1783
5.0999999999999979 56.1783
5.1999999999999975 57.2016
5.2999999999999972 57.2016
5.3999999999999968 58.1897
5.4999999999999964 58.1897
5.5999999999999961 59.1782
5.6999999999999957 59.2288
5.7999999999999954 60.167
5.899999999999995 60.3993
5.9999999999999947 61.1563
6.0999999999999943 61.58
6.199999999999994 62.1458
6.2999999999999936 62.7703
6.3999999999999932 63.1357
6.4999999999999929 63.9541
6.5999999999999925 64.1259
6.6999999999999922 65.1164
6.7999999999999918 65.1164
6.8999999999999915 66.1072
6.9999999999999911 66.1072
7.0999999999999908 67.0983
7.1999999999999904 67.1579
7.2999999999999901 68.0896
7.3999999999999897 68.251
7.4999999999999893 69.0812
7.599999999999989 69.3124
7.6999999999999886 70.073
7.7999999999999883 70.3863
7.8999999999999879 71.065
7.9999999999999876 71.444
8.0999999999999872 72.0573
8.1999999999999869 72.5139
8.2999999999999865 73.0497
8.3999999999999861 73.5682
8.4999999999999858 74.0424
8.5999999999999854 74.6344
8.6999999999999851 75.0353
8.7999999999999847 75.6855
8.8999999999999844 76.0283
8.999999999999984 76.7484
9.0999999999999837 77.0215
9.1999999999999833 77.7967
9.2999999999999829 78.0149
9.3999999999999826 78.8565
9.4999999999999822 79.0212
9.5999999999999819 79.9022
9.6999999999999815 80.0397
9.7999999999999812 80.9591
9.8999999999999808 81.0578
9.9999999999999805 81.9779
10.09999999999998 82.0755
10.19999999999998 82.9602
10.299999999999979 83.0927
10.399999999999979 83.9429
10.499999999999979 84.1214
10.599999999999978 84.9259
10.699999999999978 85.1376
10.799999999999978 85.9094
10.899999999999977 86.1419
10.999999999999977 86.8933
11.099999999999977 87.1346
11.199999999999976 87.8775
11.299999999999976 88.1161
11.399999999999975 88.862
11.499999999999975 89.0868
11.599999999999975 89.769
11.699999999999974 90.0582
11.799999999999974 90.6007
11.899999999999974 91.0192
11.999999999999973 91.4138
12.099999999999973 91.981
12.199999999999973 92.3174
12.299999999999972 92.8898
12.399999999999972 93.2014
12.499999999999972 93.8111
12.599999999999971 94.1197
12.699999999999971 94.7129
12.799999999999971 95.0396
12.89999999999997 95.4386
12.99999999999997 47.7246
13.099999999999969 47.7246
13.199999999999969 47.7455
13.299999999999969 47.7455
13.399999999999968 47.7455
13.499999999999968 1
13.599999999999968 1
13.699999999999967 2
13.799999999999967 4
13.899999999999967 4
13.999999999999966 8
14.099999999999966 8
14.199999999999966 16
14.299999999999965 16
14.399999999999965 23.3884
14.499999999999964 23.3884
14.599999999999964 24.3528
14.699999999999964 24.3528
14.799999999999963 25.3199
14.899999999999963 25.3199
14.999999999999963 26.2894
15.099999999999962 26.3654
15.199999999999962 27.2611
15.299999999999962 27.5532
15.399999999999961 28.2348
15.499999999999961 28.7963
15.599999999999961 29.2103
15.69999999999996 30.0211
15.79999999999996 30.1873
15.899999999999959 31.1658
15.999999999999959 31.1658
16.099999999999959 32.1455
16.19999999999996 32.1455
16.299999999999962 33.1265
16.399999999999963 33.1265
16.499999999999964 34.1086
16.599999999999966 34.2257
16.699999999999967 35.0916
16.799999999999969 35.3473
16.89999999999997 36.0756
16.999999999999972 36.4343
17.099999999999973 37.0605
17.199999999999974 37.5432
17.299999999999976 38.0461
17.399999999999977 38.6461
17.499999999999979 39.0324
17.59999999999998 39.7435
17.699999999999982 40.0194
17.799999999999983 40.8359
17.899999999999984 41.0071
17.999999999999986 41.9237
18.099999999999987 41.9953
18.199999999999989 42.9141
18.29999999999999 42.9607
18.399999999999991 43.8594
18.499999999999993 43.9278
18.599999999999994 44.74
18.699999999999996 44.8962
18.799999999999997 45.6036
18.899999999999999 45.866
19 46.4941
19.100000000000001 46.8371
19.200000000000003 47.3468
19.300000000000004 47.8093
19.400000000000006 48.2259
19.500000000000007 48.7827
19.600000000000009 49.0689
19.70000000000001 49.7571
19.800000000000011 49.8375
19.900000000000013 50.7325
20.000000000000014 50.7325
20.100000000000016 51.4763
20.200000000000017 51.7089
20.300000000000018 25.951
20.40000000000002 25.951
20.500000000000021 25.9895
20.600000000000023 25.9895
20.700000000000024 25.9895
20.800000000000026 1
20.900000000000027 1
21.000000000000028 2
21.10000000000003 2
21.200000000000031 3
21.300000000000033 3
21.400000000000034 7
21.500000000000036 7
21.600000000000037 12.1661
21.700000000000038 12.3299
21.80000000000004 13.1183
21.900000000000041 13.6429
22.000000000000043 14.0769
22.100000000000044 15.0408
22.200000000000045 15.0408
22.300000000000047 16.009
22.400000000000048 16.009
22.50000000000005 16.9808
22.600000000000051 16.9808
22.700000000000053 17.8997
22.800000000000054 17.8997
22.900000000000055 18.8269
23.000000000000057 18.8269
23.100000000000058 19.7611
23.20000000000006 19.7611
23.300000000000061 20.507
23.400000000000063 20.7014
23.500000000000064 21.3208
23.600000000000065 21.647
23.700000000000067 22.0592
23.800000000000068 22.5972
23.90000000000007 22.7297
24.000000000000071 23.5516
24.100000000000072 23.5516
24.200000000000074 24.5095
24.300000000000075 24.5095
24.400000000000077 25.4706
24.500000000000078 25.4706
24.60000000000008 12.9882
24.700000000000081 12.9882
24.800000000000082 13.0652
24.900000000000084 13.0652
25.000000000000085 14.0275
25.100000000000087 14.0275
25.200000000000088 14.9946
25.30000000000009 14.9946
25.400000000000091 15.9027
25.500000000000092 15.9027
25.600000000000094 16.8212
25.700000000000095 16.8212
25.800000000000097 17.7484
25.900000000000098 17.8048
26.000000000000099 18.6831
26.100000000000101 19.1071
26.200000000000102 19.6241
26.300000000000104 20.4242
26.400000000000105 20.5707
26.500000000000107 21.5221
26.600000000000108 21.5221
26.700000000000109 22.4776
26.800000000000111 22.4776
26.900000000000112 23.4368
27.000000000000114 23.4368
27.100000000000115 24.3993
27.200000000000117 24.3993
27.300000000000118 25.3646
27.400000000000119 25.4434
27.500000000000121 26.3325
27.600000000000122 26.5596
27.700000000000124 27.3027
27.800000000000125 27.7029
27.900000000000126 28.2749
28.000000000000128 28.8356
28.100000000000129 29.249
28.200000000000131 30.0588
28.300000000000132 30.2248
28.400000000000134 31.2021
28.500000000000135 31.2021
28.600000000000136 32.1808
28.700000000000138 32.1808
28.800000000000139 33.1607
28.900000000000141 33.221
29.000000000000142 34.1418
29.100000000000144 34.2588
29.200000000000145 35.1239
29.300000000000146 35.3227
29.400000000000148 36.107
29.500000000000149 36.4105
29.600000000000151 37.091
29.700000000000152 37.4667
29.800000000000153 38.0758
29.900000000000155 38.5199
30.000000000000156 39.0614
30.100000000000158 39.6208
30.200000000000159 40.0477
30.300000000000161 40.7165
30.400000000000162 41.0591
30.500000000000163 41.7835
30.600000000000165 42.0936
30.700000000000166 42.8473
30.800000000000168 43.1265
30.900000000000169 43.8624
31.000000000000171 44.1579
31.100000000000172 44.8769
31.200000000000173 45.1436
31.300000000000175 45.8253
31.400000000000176 46.1298
31.500000000000178 46.7544
31.600000000000179 47.053
31.70000000000018 47.6654
31.800000000000182 47.9583
31.900000000000183 48.5594
32.000000000000185 48.8469
32.100000000000186 49.4574
32.200000000000188 49.8201
32.300000000000189 50.3393
32.40000000000019 50.7943
32.500000000000192 51.2452
32.600000000000193 51.7695
32.700000000000195 52.0777
32.800000000000196 52.6697
32.900000000000198 52.8214
33.000000000000199 26.4296
33.1000000000002 26.4296
33.200000000000202 26.8056
33.300000000000203 27.1395
33.400000000000205 27.9747
33.500000000000206 28.2594
33.600000000000207 29.0623
33.700000000000209 29.3706
33.80000000000021 30.0442
33.900000000000212 30.3424
34.000000000000213 31.0272
34.100000000000215 31.316
34.200000000000216 32.0112
34.300000000000217 32.4149
34.400000000000219 32.9962
34.50000000000022 33.5076
34.600000000000222 33.9525
34.700000000000223 34.6236
34.800000000000225 34.9972
34.900000000000226 35.7887
35.000000000000227 36.0116
35.100000000000229 36.8355
35.20000000000023 37.0522
35.300000000000232 37.8006
35.400000000000233 38.0906
35.500000000000234 38.7674
35.600000000000236 39.1525
35.700000000000237 39.7358
35.800000000000239 40.1365
35.90000000000024 40.7057
36.000000000000242 41.1457
36.100000000000243 41.7011
36.200000000000244 42.1306
36.300000000000246 42.7435
36.400000000000247 43.1627
36.500000000000249 43.8296
36.60000000000025 44.1706
36.700000000000252 44.9562
36.800000000000253 45.2002
36.900000000000254 46.0117
37.000000000000256 46.2286
37.100000000000257 47.0436
37.200000000000259 47.2558
37.30000000000026 48.0325
37.400000000000261 48.3025
37.500000000000263 49.0423
37.600000000000264 49.3472
37.700000000000266 50.0516
37.800000000000267 50.3703
37.900000000000269 51.0606
38.00000000000027 51.4509
38.100000000000271 52.0692
38.200000000000273 52.452
38.300000000000274 53.0775
38.400000000000276 53.4905
38.500000000000277 54.0855
38.600000000000279 54.5092
38.70000000000028 55.075
38.800000000000281 55.4911
38.900000000000283 56.0828
39.000000000000284 56.456
39.100000000000286 57.0727
39.200000000000287 57.4221
39.300000000000288 58.0458
39.40000000000029 58.3722
39.500000000000291 59.0367
39.600000000000293 59.324
39.700000000000294 59.9945
39.800000000000296 60.2607
39.900000000000297 60.8717
40.000000000000298 61.183
40.1000000000003 61.6877
40.200000000000301 62.1239
40.300000000000303 62.5251
40.400000000000304 63.0666
40.500000000000306 63.3672
40.600000000000307 64.011
40.700000000000308 64.2761
40.80000000000031 64.8646
40.900000000000311 65.1569
41.000000000000313 32.6245
41.100000000000314 32.6245
41.200000000000315 32.8384
41.300000000000317 33.5318
41.400000000000318 33.947
41.50000000000032 34.5892
41.600000000000321 35.0489
41.700000000000323 35.559
41.800000000000324 36.0896
41.900000000000325 36.5304
42.000000000000327 37.101
42.100000000000328 37.5033
42.20000000000033 38.1381
42.300000000000331 38.4776
42.400000000000333 39.1477
42.500000000000334 39.5544
42.600000000000335 40.1817
42.700000000000337 40.6273
42.800000000000338 41.214
42.90000000000034 41.6966
43.000000000000341 42.2684
43.100000000000342 42.8092
43.200000000000344 43.3433
43.300000000000345 43.8709
43.400000000000347 44.3471
43.500000000000348 44.8629
43.60000000000035 45.3286
43.700000000000351 45.9206
43.800000000000352 46.311
43.900000000000354 46.997
44.000000000000355 47.3786
44.100000000000357 48.0286
44.200000000000358 48.4433
44.30000000000036 49.0792
44.400000000000361 49.4851
44.500000000000362 50.1077
44.600000000000364 50.545
44.700000000000365 51.1352
44.800000000000367 51.5637
44.900000000000368 52.1232
45.000000000000369 52.5436
45.100000000000371 53.1116
45.200000000000372 53.5243
45.300000000000374 54.0635
45.400000000000375 54.469
45.500000000000377 55.0171
45.600000000000378 55.3975
45.700000000000379 55.9723
45.800000000000381 56.3285
45.900000000000382 56.8587
46.000000000000384 57.2444
46.100000000000385 57.7315
46.200000000000387 58.1802
46.300000000000388 58.6255
46.400000000000389 59.135
46.500000000000391 59.5396
46.600000000000392 60.0414
46.700000000000394 60.4067
46.800000000000395 60.8686
46.900000000000396 61.278
47.000000000000398 30.696
47.100000000000399 30.696
47.200000000000401 30.7286
47.300000000000402 30.7286
47.400000000000404 30.7286
47.500000000000405 1
47.600000000000406 1
47.700000000000408 2
47.800000000000409 2
47.900000000000411 3
48.000000000000412 3
48.100000000000414 7
48.200000000000415 14
48.300000000000416 14
48.400000000000418 15.8447
48.500000000000419 15.8447
48.600000000000421 16.7664
48.700000000000422 16.7664
48.800000000000423 17.6965
48.900000000000425 17.6965
49.000000000000426 18.6338
49.100000000000428 18.6338
49.200000000000429 19.5772
49.300000000000431 19.5772
49.400000000000432 20.5259
49.500000000000433 20.5259
49.600000000000435 21.4793
49.700000000000436 21.4793
49.800000000000438 22.4366
49.900000000000439 22.4366
50.000000000000441 23.3975
50.100000000000442 23.3975
50.200000000000443 24.1138
50.300000000000445 24.3616
50.400000000000446 24.6475
50.500000000000448 25.3283
50.600000000000449 25.4072
50.70000000000045 26.2976
50.800000000000452 26.2976
50.900000000000453 27.269
51.000000000000455 27.269
51.100000000000456 28.2424
51.200000000000458 28.2424
51.300000000000459 28.7341
51.40000000000046 14.3845
51.500000000000462 14.3845
51.600000000000463 14.454
51.700000000000465 14.454
51.800000000000466 14.454
51.900000000000468 1
52.000000000000469 2
52.10000000000047 2
52.200000000000472 4
52.300000000000473 4
52.400000000000475 7.14286
52.500000000000476 7.14286
52.600000000000477 8.07116
52.700000000000479 8.07116
52.80000000000048 9.01415
52.900000000000482 9.01415
53.000000000000483 9.96775
53.100000000000485 9.96775
53.200000000000486 10.837
53.300000000000487 10.837
53.400000000000489 11.7269
53.50000000000049 12.6331
53.600000000000492 12.6331
53.700000000000493 13.5523
53.800000000000495 13.5523
53.900000000000496 14.4821
54.000000000000497 14.4821
54.100000000000499 15.4206
54.2000000000005 15.4206
54.300000000000502 16.3662
54.400000000000503 16.3662
54.500000000000504 17.3179
54.600000000000506 17.3179
54.700000000000507 18.2747
54.800000000000509 18.4384
54.90000000000051 19.2358
55.000000000000512 19.6987
55.100000000000513 20.2006
55.200000000000514 20.8829
55.300000000000516 21.1686
55.400000000000517 22.1395
55.500000000000519 22.1395
55.60000000000052 23.1127
55.700000000000522 23.1127
55.800000000000523 24.0882
55.900000000000524 24.0882
56.000000000000526 25.0655
56.100000000000527 25.0655
56.200000000000529 26.0446
56.30000000000053 26.0446
56.400000000000531 27.0251
56.500000000000533 27.0621
56.600000000000534 28.007
56.700000000000536 28.114
56.800000000000537 28.9901
56.900000000000539 29.1622
57.00000000000054 29.9409
57.100000000000541 30.2732
57.200000000000543 30.8948
57.300000000000544 31.3449
57.400000000000546 31.8515
57.500000000000547 32.4428
57.600000000000549 32.8108
57.70000000000055 33.5346
57.800000000000551 33.7725
57.900000000000553 34.6497
58.000000000000554 34.765
58.100000000000556 35.702
58.200000000000557 35.8139
58.300000000000558 36.6696
58.40000000000056 36.8058
58.500000000000561 37.6389
58.600000000000563 37.7716
58.700000000000564 38.6097
58.800000000000566 38.7132
58.900000000000567 39.582
59.000000000000568 39.6073
59.10000000000057 40.531
59.200000000000571 40.5557
59.300000000000573 41.4099
59.400000000000574 41.5305
59.500000000000576 42.2943
59.600000000000577 42.5066
59.700000000000578 43.1836
59.80000000000058 43.4837
59.900000000000581 43.9413
60.000000000000583 44.4618
60.100000000000584 44.619
60.200000000000585 45.4409
60.300000000000587 45.4409
60.400000000000588 22.7534
60.50000000000059 22.7534
60.600000000000591 22.7974
60.700000000000593 22.7974
60.800000000000594 22.7974
60.900000000000595 1
61.000000000000597 1
61.100000000000598 2
61.2000000000006 2
61.300000000000601 3
61.400000000000603 7
61.500000000000604 7
61.600000000000605 11.2705
61.700000000000607 11.2705
61.800000000000608 12.2108
61.90000000000061 12.2108
62.000000000000611 13.1598
62.100000000000612 13.1598
62.200000000000614 14.1156
62.300000000000615 14.1156
62.400000000000617 15.077
62.500000000000618 15.077
62.60000000000062 16.043
62.700000000000621 16.1054
62.800000000000622 17.0129
62.900000000000624 17.3047
63.000000000000625 17.9859
63.100000000000627 18.5344
63.200000000000628 18.9088
63.30000000000063 19.7886
63.400000000000631 19.8391
63.500000000000632 20.7759
63.600000000000634 20.7759
63.700000000000635 21.7182
63.800000000000637 21.7182
63.900000000000638 22.6655
64.000000000000639 22.6655
64.100000000000634 23.6171
64.200000000000628 23.6594
64.300000000000622 24.5725
64.400000000000617 24.7348
64.500000000000611 25.5312
64.600000000000605 25.9202
64.7000000000006 26.493
64.800000000000594 27.1276
64.900000000000588 27.4575
65.000000000000583 28.2479
65.100000000000577 28.4245
65.200000000000571 29.3936
65.300000000000566 29.3936
65.40000000000056 30.3647
65.500000000000554 30.3647
65.600000000000549 31.3377
65.700000000000543 31.3377
65.800000000000537 32.3122
65.900000000000531 32.3122
66.000000000000526 33.2883
66.10000000000052 33.2883
66.200000000000514 34.2657
66.300000000000509 34.2657
66.400000000000503 35.2444
66.500000000000497 35.2444
66.600000000000492 35.947
66.700000000000486 36.2242
66.80000000000048 36.6634
66.900000000000475 37.2051
67.000000000000469 37.4196
67.100000000000463 38.187
67.200000000000458 38.2916
67.300000000000452 39.1698
67.400000000000446 39.1953
67.500000000000441 40.1534
67.600000000000435 40.1534
67.700000000000429 40.8205
67.800000000000423 20.4958
67.900000000000418 20.4958
68.000000000000412 20.5446
68.100000000000406 20.5446
68.200000000000401 20.5446
68.300000000000395 1
68.400000000000389 1
68.500000000000384 2
68.600000000000378 3
68.700000000000372 3
68.800000000000367 4
68.900000000000361 4
69.000000000000355 10
69.10000000000035 10
69.200000000000344 10.9586
69.300000000000338 10.9586
69.400000000000333 11.8393
69.500000000000327 11.8393
69.600000000000321 12.7375
69.700000000000315 12.7375
69.80000000000031 13.6496
69.900000000000304 13.6496
70.000000000000298 14.5732
70.100000000000293 14.5732
70.200000000000287 15.5061
70.300000000000281 15.5061
70.400000000000276 16.4469
70.50000000000027 16.4469
70.600000000000264 17.3941
70.700000000000259 17.3941
70.800000000000253 17.566
70.900000000000247 18.3469
71.000000000000242 18.3469
71.100000000000236 19.3044
71.20000000000023 19.3044
71.300000000000225 20.1172
71.400000000000219 20.1172
71.500000000000213 10.0586
71.600000000000207 10.0586
71.700000000000202 10.158
71.800000000000196 10.158
71.90000000000019 10.158
72.000000000000185 1
72.100000000000179 1
72.200000000000173 2
72.300000000000168 2
72.400000000000162 3
72.500000000000156 3
72.600000000000151 4
72.700000000000145 4
72.800000000000139 5.93074
72.900000000000134 6.09935
73.000000000000128 6.73066
73.100000000000122 7.5777
73.200000000000117 7.5777
73.300000000000111 8.45768
73.400000000000105 8.45768
73.500000000000099 9.36133
73.600000000000094 9.36133
73.700000000000088 10.2825
73.800000000000082 10.2825
73.900000000000077 11.2168
74.000000000000071 11.2168
74.100000000000065 12.1613
74.20000000000006 12.1613
74.300000000000054 13.1138
74.400000000000048 13.1138
74.500000000000043 13.712
74.600000000000037 14.0728
74.700000000000031 14.2849
74.800000000000026 15.037
74.90000000000002 15.037
75.000000000000014 16.0054
75.100000000000009 16.0054
75.200000000000003 16.9774
75.299999999999997 16.9774
75.399999999999991 17.8965
75.499999999999986 17.8965
75.59999999999998 9.0318
75.699999999999974 9.0318
75.799999999999969 9.0318
75.899999999999963 1
75.999999999999957 1
76.099999999999952 2
76.199999999999946 2
76.29999999999994 3
76.399999999999935 3
76.499999999999929 4.70824
76.599999999999923 4.92064
76.699999999999918 5.50703
76.799999999999912 5.68862
76.899999999999906 6.36191
76.999999999999901 7.25303
77.099999999999895 7.25303
77.199999999999889 8.16862
77.299999999999883 8.16862
77.399999999999878 9.10138
77.499999999999872 9.10138
77.599999999999866 10.0466
77.699999999999861 10.0466
77.799999999999855 11.0012
77.899999999999849 11.0921
77.999999999999844 11.9629
78.099999999999838 12.0464
78.199999999999832 12.8523
78.299999999999827 13.0075
78.399999999999821 13.7568
78.499999999999815 13.9737
78.59999999999981 14.6736
78.699999999999804 14.8771
78.799999999999798 15.6005
78.899999999999793 15.792
78.999999999999787 16.5359
79.099999999999781 16.7166
79.199999999999775 17.4783
79.29999999999977 17.5355
79.399999999999764 18.4267
79.499999999999758 18.4267
79.599999999999753 19.3802
79.699999999999747 19.3802
79.799999999999741 20.2889
79.899999999999736 20.3382
79.99999999999973 20.6799
80.099999999999724 21.3
80.199999999999719 21.4405
80.299999999999713 22.265
80.399999999999707 22.31
80.499999999999702 11.4647
80.599999999999696 11.4647
80.69999999999969 11.552
80.799999999999685 11.552
80.899999999999679 12.471
80.999999999999673 12.471
81.099999999999667 13.4014
81.199999999999662 13.4014
81.299999999999656 14.341
81.39999999999965 14.341
81.499999999999645 15.2882
81.599999999999639 15.2882
81.699999999999633 16.2416
81.799999999999628 16.5472
81.899999999999622 17.2002
81.999999999999616 17.8293
82.099999999999611 18.1632
82.199999999999605 19.1299
82.299999999999599 19.1299
82.399999999999594 20.0998
82.499999999999588 20.0998
82.599999999999582 21.0725
82.699999999999577 21.0725
82.799999999999571 22.0476
82.899999999999565 22.0476
82.999999999999559 23.0248
83.099999999999554 23.0248
83.199999999999548 24.0038
83.299999999999542 24.087
83.399999999999537 24.9844
83.499999999999531 25.1043
83.599999999999525 25.9279
83.69999999999952 26.1967
83.799999999999514 26.8755
83.899999999999508 27.2453
83.999999999999503 27.8268
84.099999999999497 28.3257
84.199999999999491 28.7813
84.299999999999486 29.4004
84.39999999999948 29.7388
84.499999999999474 30.5028
84.599999999999469 30.7315
84.699999999999463 31.5984
84.799999999999457 31.8506
84.899999999999451 32.6265
84.999999999999446 32.9013
85.09999999999944 33.5934
85.199999999999434 33.9489
85.299999999999429 34.5622
85.399999999999423 34.9937
85.499999999999417 35.5327
85.599999999999412 36.0637
85.699999999999406 36.5048
85.7999999999994 37.1297
85.899999999999395 37.4783
85.999999999999389 38.1922
86.099999999999383 38.4532
86.199999999999378 39.2259
86.299999999999372 39.4294
86.399999999999366 40.2827
86.499999999999361 40.4067
86.599999999999355 41.3125
86.699999999999349 41.3851
86.799999999999343 42.2936
86.899999999999338 42.3645
86.999999999999332 43.2524
87.099999999999326 43.3448
87.199999999999321 44.1904
87.299999999999315 44.326
87.399999999999309 45.0867
87.499999999999304 45.308
87.599999999999298 45.8566
87.699999999999292 46.2908
87.799999999999287 46.6567
87.899999999999281 47.2743
87.999999999999275 47.5065
88.09999999999927 48.2585
88.199999999999264 48.362
88.299999999999258 49.2433
88.399999999999253 49.2839
88.499999999999247 24.9144
88.599999999999241 24.9144
88.699999999999235 24.9144
88.79999999999923 1
88.899999999999224 1
88.999999999999218 2
89.099999999999213 2
89.199999999999207 3
89.299999999999201 4
89.399999999999196 4
89.49999999999919 9
89.599999999999184 10
89.699999999999179 12.4916
89.799999999999173 12.6512
89.899999999999167 13.4206
89.999999999999162 13.5692
90.099999999999156 14.359
90.19999999999915 14.4979
90.299999999999145 15.4354
90.399999999999139 15.693
90.499999999999133 16.3802
90.599999999999127 16.8029
90.699999999999122 17.3311
90.799999999999116 17.8437
90.89999999999911 18.2872
90.999999999999105 18.7202
91.099999999999099 19.2477
91.199999999999093 19.5573
91.299999999999088 20.2119
91.399999999999082 20.4091
91.499999999999076 21.1795
91.599999999999071 21.2738
91.699999999999065 22.0592
91.799999999999059 22.1498
91.899999999999054 23.0359
91.999999999999048 23.1227
92.099999999999042 24.0145
92.199999999999037 24.0977
92.299999999999031 24.9546
92.399999999999025 25.0747
92.499999999999019 25.5099
92.599999999999014 26.0533
92.699999999999008 26.1683
92.799999999999002 13.1223
92.899999999998997 13.1223
92.999999999998991 13.1986
93.099999999998985 13.1986
93.19999999999898 13.1986
93.299999999998974 1
93.399999999998968 1
93.499999999998963 2
93.599999999998957 2
93.699999999998951 4
93.799999999998946 6.32883
93.89999999999894 6.32883
93.999999999998934 7.22412
94.099999999998929 7.22412
94.199999999998923 8.14301
94.299999999998917 8.14301
94.399999999998911 9.07844
94.499999999998906 9.07844
94.5999999999989 10.0259
94.699999999998894 10.0259
94.799999999998889 10.9822
94.899999999998883 10.9822
94.999999999998877 11.8611
95.099999999998872 11.8611
95.199999999998866 12.7577
95.29999999999886 12.7577
95.399999999998855 13.2967
95.499999999998849 13.6685
95.599999999998843 14.0305
95.699999999998838 14.5909
95.799999999998832 14.5909
95.899999999998826 15.5228
95.99999999999882 15.5228
96.099999999998815 16.4625
96.199999999998809 16.4625
96.299999999998803 17.4089
96.399999999998798 17.4089
96.499999999998792 18.2515
96.599999999998786 18.361
96.699999999998781 18.5779
96.799999999998775 9.31584
96.899999999998769 9.31584
96.999999999998764 9.42318
97.099999999998758 9.42318
97.199999999998752 1
97.299999999998747 1
97.399999999998741 2
97.499999999998735 2
97.59999999999873 4
97.699999999998724 4
97.799999999998718 4.92064
97.899999999998712 4.92064
97.999999999998707 5.68862
98.099999999998701 5.68862
98.199999999998695 6.51909
98.29999999999869 6.51909
98.399999999998684 7.3909
98.499999999998678 7.3909
98.599999999998673 8.29104
98.699999999998667 8.29104
98.799999999998661 9.21125
98.899999999998656 9.21125
98.99999999999865 10.1462
99.099999999998644 10.3423
99.199999999998639 11.0921
99.299999999998633 11.0921
99.399999999998627 1
99.499999999998622 1
99.599999999998616 1
99.69999999999861 1
99.799999999998604 1
99.899999999998599 1
99.999999999998593 1
