0 1
0.10000000000000001 1
0.20000000000000001 1
0.30000000000000004 1
0.40000000000000002 1
0.5 1
0.59999999999999998 1
0.69999999999999996 1
0.79999999999999993 1
0.89999999999999991 1
0.99999999999999989 1
1.0999999999999999 1
1.2 2
1.3 2
1.4000000000000001 4
1.5000000000000002 4
1.6000000000000003 8
1.7000000000000004 8
1.8000000000000005 16
1.9000000000000006 16
2.0000000000000004 32
2.1000000000000005 32
2.2000000000000006 64
2.3000000000000007 64
2.4000000000000008 82
2.5000000000000009 42.5
2.600000000000001 42.5
2.7000000000000011 42.5235
2.8000000000000012 42.5235
2.9000000000000012 42.5235
3.0000000000000013 1
3.1000000000000014 1
3.2000000000000015 2
3.3000000000000016 2
3.4000000000000017 4
3.5000000000000018 4
3.6000000000000019 6
3.700000000000002 6
3.800000000000002 9
3.9000000000000021 9
4.0000000000000018 13
4.1000000000000014 17
4.2000000000000011 21
4.3000000000000007 21.378
4.4000000000000004 21.4248
4.5 21.9327
4.5999999999999996 21.9327
4.6999999999999993 22.8711
4.7999999999999989 22.8711
4.8999999999999986 23.8144
4.9999999999999982 23.8144
5.0999999999999979 24.7622
5.1999999999999975 24.7622
5.2999999999999972 25.7139
5.3999999999999968 25.7139
5.4999999999999964 26.6691
5.5999999999999961 26.6691
5.6999999999999957 27.6274
5.7999999999999954 27.6274
5.899999999999995 28.5886
5.9999999999999947 28.6236
6.0999999999999943 29.5524
6.199999999999994 29.9225
6.2999999999999936 30.5184
6.3999999999999932 31.1351
6.4999999999999929 31.4866
6.5999999999999925 32.2712
6.6999999999999922 32.4567
6.7999999999999918 33.3386
6.8999999999999915 33.4285
6.9999999999999911 34.3729
7.0999999999999908 34.4019
7.1999999999999904 35.3769
7.2999999999999901 35.3769
7.3999999999999897 36.3531
7.4999999999999893 36.3531
7.599999999999989 37.3306
7.6999999999999886 37.3306
7.7999999999999883 38.3093
7.8999999999999879 38.3093
7.9999999999999876 39.289
8.0999999999999872 39.3145
8.1999999999999869 40.2697
8.2999999999999865 40.3442
8.3999999999999861 41.2514
8.4999999999999858 41.3724
8.5999999999999854 42.2339
8.6999999999999851 42.3993
8.7999999999999847 43.2172
8.8999999999999844 43.448
8.999999999999984 44.2012
9.0999999999999837 44.5169
9.1999999999999833 45.1859
9.2999999999999829 45.5826
9.3999999999999826 46.1713
9.4999999999999822 46.6669
9.5999999999999819 47.1573
9.6999999999999815 47.6846
9.7999999999999812 48.1438
9.8999999999999808 48.7016
9.9999999999999805 49.131
10.09999999999998 49.7379
10.19999999999998 50.1186
10.299999999999979 50.7729
10.399999999999979 51.1262
10.499999999999979 51.8064
10.599999999999978 52.1336
10.699999999999978 52.7818
10.799999999999978 53.1407
10.899999999999977 53.7396
10.999999999999977 54.129
11.099999999999977 54.6622
11.199999999999976 55.0996
11.299999999999976 55.5695
11.399999999999975 56.0355
11.499999999999975 56.4977
11.599999999999975 57.0088
11.699999999999974 57.3934
11.799999999999974 57.9484
11.899999999999974 58.3097
11.999999999999973 58.924
12.099999999999973 59.2287
12.199999999999973 59.7666
12.299999999999972 60.1336
12.399999999999972 60.581
12.499999999999972 61.0087
12.599999999999971 61.4009
12.699999999999971 61.8553
12.799999999999971 62.2582
12.89999999999997 62.7861
12.99999999999997 31.3931
13.099999999999969 31.3931
13.199999999999969 31.4249
13.299999999999969 32.1488
13.399999999999968 32.3968
13.499999999999968 33.2804
13.599999999999968 33.3704
13.699999999999967 34.3164
13.799999999999967 34.3455
13.899999999999967 35.322
13.999999999999966 35.322
14.099999999999966 36.2997
14.199999999999966 36.3273
14.299999999999965 37.2786
14.399999999999965 37.359
14.499999999999964 38.2586
14.599999999999964 38.337
14.699999999999964 39.2396
14.799999999999963 39.4177
14.899999999999963 40.2215
14.999999999999963 40.5189
15.099999999999962 41.2043
15.199999999999962 41.615
15.299999999999962 42.1879
15.399999999999961 42.7298
15.499999999999961 43.1722
15.599999999999961 43.8162
15.69999999999996 44.1573
15.79999999999996 44.8763
15.899999999999959 45.143
15.999999999999959 45.9119
16.099999999999959 46.1293
16.19999999999996 46.9673
16.299999999999962 47.1161
16.399999999999963 48.0411
16.499999999999964 48.1035
16.599999999999966 49.0915
16.699999999999967 49.1118
16.799999999999969 50.0798
16.89999999999997 50.1397
16.999999999999972 51.0687
17.099999999999973 51.1861
17.199999999999974 52.0579
17.299999999999976 52.2306
17.399999999999977 53.0476
17.499999999999979 53.2734
17.59999999999998 54.0376
17.699999999999982 54.2962
17.799999999999983 55.028
17.899999999999984 55.3181
17.999999999999986 56.0188
18.099999999999987 56.3215
18.199999999999989 57.0098
18.29999999999999 57.3073
18.399999999999991 58.0012
18.499999999999993 58.2936
18.599999999999994 58.942
18.699999999999996 59.2635
18.799999999999997 59.8512
18.899999999999999 60.2177
19 60.7469
19.100000000000001 61.1571
19.200000000000003 61.6295
19.300000000000004 62.0823
19.400000000000006 62.4677
19.500000000000007 62.9462
19.600000000000009 63.3263
19.70000000000001 63.8767
19.800000000000011 64.2514
19.900000000000013 64.7321
20.000000000000014 65.194
20.100000000000016 65.5611
20.200000000000017 66.0929
20.300000000000018 66.3647
20.40000000000002 66.8901
20.500000000000021 67.2331
20.600000000000023 67.958
20.700000000000024 68.2517
20.800000000000026 69.024
20.900000000000027 69.2987
21.000000000000028 70.0452
21.10000000000003 70.3586
21.200000000000031 71.0658
21.300000000000033 71.4027
21.400000000000034 72.0858
21.500000000000036 72.4594
21.600000000000037 73.0915
21.700000000000038 73.5145
21.80000000000004 74.1106
21.900000000000041 74.5412
22.000000000000043 75.1159
22.100000000000044 75.554
22.200000000000045 76.121
22.300000000000047 76.5534
22.400000000000048 77.1131
22.50000000000005 77.527
22.600000000000051 78.1053
22.700000000000053 78.514
22.800000000000054 79.0851
22.900000000000055 79.4635
23.000000000000057 80.0654
23.100000000000058 80.4268
23.20000000000006 81.0338
23.300000000000061 81.3663
23.400000000000063 81.942
23.500000000000064 82.3073
23.600000000000065 82.816
23.700000000000067 83.2256
23.800000000000068 83.669
23.90000000000007 84.1339
24.000000000000071 84.5134
24.100000000000072 85.0677
24.200000000000074 85.4197
24.300000000000075 85.9798
24.400000000000077 86.2933
24.500000000000078 86.7672
24.60000000000008 87.1696
24.700000000000081 87.536
24.800000000000082 43.9959
24.900000000000084 43.9959
25.000000000000085 44.0186
25.100000000000087 44.2905
25.200000000000088 45.0073
25.30000000000009 45.4056
25.400000000000091 45.9966
25.500000000000092 46.4725
25.600000000000094 46.9649
25.700000000000095 47.5575
25.800000000000097 47.9346
25.900000000000098 48.6389
26.000000000000099 48.9055
26.100000000000101 49.6766
26.200000000000102 49.8775
26.300000000000104 50.7127
26.400000000000105 50.8506
26.500000000000107 51.7281
26.600000000000108 51.8247
26.700000000000109 52.7998
26.800000000000111 52.8188
26.900000000000112 53.7758
27.000000000000114 53.9059
27.100000000000115 54.7527
27.200000000000117 55.026
27.300000000000118 55.7304
27.400000000000119 56.1594
27.500000000000121 56.7088
27.600000000000122 57.218
27.700000000000124 57.688
27.800000000000125 58.2574
27.900000000000126 58.6679
28.000000000000128 59.2785
28.100000000000129 59.6485
28.200000000000131 60.2989
28.300000000000132 60.6297
28.400000000000134 61.286
28.500000000000135 61.6115
28.600000000000136 62.3377
28.700000000000138 62.5939
28.800000000000139 63.4035
28.900000000000141 63.5925
29.000000000000142 64.4362
29.100000000000144 64.6222
29.200000000000145 65.4678
29.300000000000146 65.6813
29.400000000000148 66.4534
29.500000000000149 66.7087
29.600000000000151 67.4542
29.700000000000152 67.7501
29.800000000000153 68.455
29.900000000000155 68.7756
30.000000000000156 69.4557
30.100000000000158 69.8004
30.200000000000159 70.4706
30.300000000000161 70.8104
30.400000000000162 71.4571
30.500000000000163 71.848
30.600000000000165 72.444
30.700000000000166 72.8433
30.800000000000168 73.4313
30.900000000000169 73.8252
31.000000000000171 74.4188
31.100000000000172 74.7942
31.200000000000173 75.4067
31.300000000000175 75.7508
31.400000000000176 76.3819
31.500000000000178 76.6694
31.600000000000179 77.3188
31.70000000000018 77.5771
31.800000000000182 78.3085
31.900000000000183 78.5125
32.000000000000185 79.2605
32.100000000000186 79.437
32.200000000000188 80.1014
32.300000000000189 80.3756
32.40000000000019 80.8718
32.500000000000192 81.3404
32.600000000000193 81.6594
32.700000000000195 82.2695
32.800000000000196 82.5001
32.900000000000198 83.2122
33.000000000000199 83.4043
33.1000000000002 84.0136
33.200000000000202 84.4174
33.300000000000203 85.0899
33.400000000000205 85.4301
33.500000000000206 86.1296
33.600000000000207 86.4425
33.700000000000209 87.1569
33.80000000000021 87.4661
33.900000000000212 88.1949
34.000000000000213 88.5118
34.100000000000215 89.1983
34.200000000000216 89.5564
34.300000000000217 90.2018
34.400000000000219 90.6221
34.50000000000022 91.2599
34.600000000000222 91.6754
34.700000000000223 92.2734
34.800000000000225 92.7059
34.900000000000226 93.2759
35.000000000000227 93.7038
35.100000000000229 94.2783
35.20000000000023 94.7228
35.300000000000232 95.2912
35.400000000000233 95.731
35.500000000000234 96.3349
35.600000000000236 96.7286
35.700000000000237 97.3572
35.800000000000239 97.7468
35.90000000000024 98.3791
36.000000000000242 98.7747
36.100000000000243 99.4206
36.200000000000244 99.8021
36.300000000000246 100.471
36.400000000000247 100.849
36.500000000000249 101.521
36.60000000000025 101.894
36.700000000000252 102.54
36.800000000000253 102.92
36.900000000000254 103.549
37.000000000000256 103.945
37.100000000000257 104.559
37.200000000000259 104.96
37.30000000000026 105.587
37.400000000000261 105.974
37.500000000000263 106.605
37.600000000000264 106.998
37.700000000000266 107.604
37.800000000000267 107.993
37.900000000000269 108.621
38.00000000000027 109.007
38.100000000000271 109.638
38.200000000000273 110.021
38.300000000000274 110.646
38.400000000000276 111.025
38.500000000000277 111.654
38.600000000000279 112.02
38.70000000000028 112.652
38.800000000000281 113.007
38.900000000000283 113.634
39.000000000000284 113.959
39.100000000000286 114.606
39.200000000000287 114.911
39.300000000000288 115.571
39.40000000000029 115.847
39.500000000000291 116.441
39.600000000000293 116.776
39.700000000000294 117.289
39.800000000000296 117.723
39.900000000000297 118.164
40.000000000000298 118.67
40.1000000000003 119.024
40.200000000000301 119.619
40.300000000000303 119.869
40.400000000000304 120.543
40.500000000000306 120.767
40.600000000000307 121.287
40.700000000000308 121.674
40.80000000000031 122.076
40.900000000000311 122.616
41.000000000000313 123.023
41.100000000000314 123.623
41.200000000000315 124.067
41.300000000000317 124.63
41.400000000000318 125.119
41.50000000000032 125.629
41.600000000000321 126.161
41.700000000000323 126.644
41.800000000000324 127.203
41.900000000000325 127.682
42.000000000000327 128.237
42.100000000000328 128.727
42.20000000000033 129.278
42.300000000000331 129.756
42.400000000000333 130.302
42.500000000000334 130.785
42.600000000000335 131.312
42.700000000000337 131.821
42.800000000000338 132.328
42.90000000000034 132.871
43.000000000000341 133.344
43.100000000000342 133.906
43.200000000000344 134.368
43.300000000000345 134.947
43.400000000000347 135.406
43.500000000000348 136.003
43.60000000000035 136.465
43.700000000000351 137.036
43.800000000000352 137.509
43.900000000000354 138.046
44.000000000000355 138.538
44.100000000000357 139.064
44.200000000000358 139.566
44.30000000000036 140.074
44.400000000000361 140.587
44.500000000000362 141.077
44.600000000000364 141.594
44.700000000000365 142.073
44.800000000000367 142.593
44.900000000000368 143.069
45.000000000000369 143.565
45.100000000000371 144.051
45.200000000000372 144.523
45.300000000000374 145.027
45.400000000000375 145.468
45.500000000000377 145.982
45.600000000000378 146.4
45.700000000000379 146.925
45.800000000000381 147.346
45.900000000000382 147.847
46.000000000000384 148.3
46.100000000000385 148.764
46.200000000000387 149.207
46.300000000000388 149.629
46.400000000000389 150.023
46.500000000000391 150.449
46.600000000000392 150.907
46.700000000000394 151.337
46.800000000000395 151.805
46.900000000000396 152.279
47.000000000000398 152.692
47.100000000000399 153.169
47.200000000000401 153.613
47.300000000000402 154.211
47.400000000000404 154.67
47.500000000000405 155.258
47.600000000000406 155.695
47.700000000000408 156.272
47.800000000000409 156.738
47.900000000000411 157.28
48.000000000000412 157.775
48.100000000000414 158.294
48.200000000000415 158.792
48.300000000000416 159.301
48.400000000000418 159.778
48.500000000000419 160.328
48.600000000000421 160.795
48.700000000000422 161.347
48.800000000000423 161.824
48.900000000000425 162.367
49.000000000000426 162.846
49.100000000000428 163.38
49.200000000000429 163.85
49.300000000000431 164.374
49.400000000000432 164.824
49.500000000000433 165.363
49.600000000000435 165.78
49.700000000000436 166.34
49.800000000000438 166.706
49.900000000000439 167.317
50.000000000000441 167.616
50.100000000000442 168.276
50.200000000000443 168.562
50.300000000000445 169.183
50.400000000000446 169.514
50.500000000000448 170.079
50.600000000000449 170.473
50.70000000000045 170.924
50.800000000000452 171.397
50.900000000000453 171.741
51.000000000000455 172.317
51.100000000000456 172.543
51.200000000000458 173.179
51.300000000000459 173.479
51.40000000000046 174.026
51.500000000000462 174.428
51.600000000000463 87.2368
51.700000000000465 87.2368
51.800000000000466 87.2482
51.900000000000468 88.1831
52.000000000000469 88.3304
52.10000000000047 89.198
52.200000000000472 89.3772
52.300000000000473 90.2014
52.400000000000475 90.4228
52.500000000000476 91.2157
52.600000000000477 91.4675
52.700000000000479 92.208
52.80000000000048 92.4895
52.900000000000482 93.2004
53.000000000000483 93.5218
53.100000000000485 94.1931
53.200000000000486 94.5851
53.300000000000487 95.1858
53.400000000000489 95.6574
53.50000000000049 96.1787
53.600000000000492 96.7179
53.700000000000493 97.1718
53.800000000000495 97.7771
53.900000000000496 98.165
54.000000000000497 98.8452
54.100000000000499 99.1886
54.2000000000005 99.9219
54.300000000000502 100.232
54.400000000000503 100.977
54.500000000000504 101.323
54.600000000000506 102.031
54.700000000000507 102.364
54.800000000000509 103.094
54.90000000000051 103.395
55.000000000000512 104.098
55.100000000000513 104.415
55.200000000000514 105.102
55.300000000000516 105.425
55.400000000000517 106.106
55.500000000000519 106.435
55.60000000000052 107.11
55.700000000000522 107.454
55.800000000000523 108.104
55.900000000000524 108.464
56.000000000000526 109.098
56.100000000000527 109.492
56.200000000000529 110.093
56.30000000000053 110.528
56.400000000000531 111.088
56.500000000000533 111.573
56.600000000000534 112.092
56.700000000000536 112.608
56.800000000000537 113.148
56.900000000000539 113.633
57.00000000000054 114.204
57.100000000000541 114.658
57.200000000000543 115.25
57.300000000000544 115.666
57.400000000000546 116.295
57.500000000000547 116.69
57.600000000000549 117.314
57.70000000000055 117.705
57.800000000000551 118.316
57.900000000000553 118.729
58.000000000000554 119.334
58.100000000000556 119.727
58.200000000000557 120.352
58.300000000000558 120.734
58.40000000000056 121.337
58.500000000000561 121.715
58.600000000000563 122.297
58.700000000000564 122.673
58.800000000000566 123.25
58.900000000000567 123.615
59.000000000000568 124.204
59.10000000000057 124.574
59.200000000000571 125.11
59.300000000000573 125.525
59.400000000000574 125.963
59.500000000000576 126.462
59.600000000000577 126.857
59.700000000000578 127.392
59.80000000000058 127.737
59.900000000000581 128.26
60.000000000000583 128.649
60.100000000000584 129.146
60.200000000000585 129.532
60.300000000000587 129.964
60.400000000000588 65.1281
60.50000000000059 65.1281
60.600000000000591 65.1434
60.700000000000593 65.1434
60.800000000000594 65.1434
60.900000000000595 1
61.000000000000597 1
61.100000000000598 2
61.2000000000006 2
61.300000000000601 4
61.400000000000603 4
61.500000000000604 8
61.600000000000605 8
61.700000000000607 16
61.800000000000608 16
61.90000000000061 32
62.000000000000611 32
62.100000000000612 32.9853
62.200000000000614 32.9853
62.300000000000615 33.942
62.400000000000617 33.942
62.500000000000618 34.9011
62.60000000000062 34.9584
62.700000000000621 35.8624
62.800000000000622 36.0572
62.900000000000624 36.8258
63.000000000000625 37.1773
63.100000000000627 37.7911
63.200000000000628 38.2907
63.30000000000063 38.7581
63.400000000000631 39.3727
63.500000000000632 39.7268
63.600000000000634 40.4504
63.700000000000635 40.6969
63.800000000000637 41.5001
63.900000000000638 41.6685
64.000000000000639 42.5239
64.100000000000634 42.6414
64.200000000000628 43.5466
64.300000000000622 43.6155
64.400000000000617 44.5458
64.500000000000611 44.5907
64.600000000000605 45.5231
64.7000000000006 45.567
64.800000000000594 46.5013
64.900000000000588 46.5658
65.000000000000583 47.4805
65.100000000000577 47.5857
65.200000000000571 48.4811
65.300000000000566 48.6253
65.40000000000056 49.4615
65.500000000000554 49.6431
65.600000000000549 50.4624
65.700000000000543 50.6405
65.800000000000537 51.4439
65.900000000000531 51.6186
66.000000000000526 52.407
66.10000000000052 52.5785
66.200000000000514 53.3715
66.300000000000509 53.5398
66.400000000000503 54.3188
66.500000000000497 54.4659
66.600000000000492 55.268
66.700000000000486 55.4125
66.80000000000048 56.1655
66.900000000000475 56.361
67.000000000000469 57.0138
67.100000000000463 57.3462
67.200000000000458 57.7632
67.300000000000452 58.3318
67.400000000000446 58.5714
67.500000000000441 59.2505
67.600000000000435 59.419
67.700000000000429 60.1052
67.800000000000423 30.0692
67.900000000000418 30.0692
68.000000000000412 30.1025
68.100000000000406 30.5643
68.200000000000401 31.0836
68.300000000000395 31.6893
68.400000000000389 32.0659
68.500000000000384 32.7757
68.600000000000378 33.0492
68.700000000000372 33.8271
68.800000000000367 34.0335
68.900000000000361 34.8469
69.000000000000355 35.0187
69.10000000000035 35.8934
69.200000000000344 36.0047
69.300000000000338 36.8831
69.400000000000333 36.9914
69.500000000000327 37.8205
69.600000000000321 37.9525
69.700000000000315 38.7351
69.80000000000031 38.9155
69.900000000000304 39.6035
70.000000000000298 39.8803
70.100000000000293 40.4778
70.200000000000287 40.8468
70.300000000000281 41.2853
70.400000000000276 41.8149
70.50000000000027 42.1248
70.600000000000264 42.7845
70.700000000000259 42.9711
70.800000000000253 43.7554
70.900000000000247 43.7782
71.000000000000242 44.638
71.100000000000236 44.7276
71.20000000000023 45.3715
71.300000000000225 45.7009
71.400000000000219 46.1366
71.500000000000213 46.6755
71.600000000000207 46.8679
71.700000000000202 47.651
71.800000000000196 47.9648
71.90000000000019 48.6276
72.000000000000185 49.0372
72.100000000000179 49.605
72.200000000000173 50.0666
72.300000000000168 50.5834
72.400000000000162 51.0949
72.500000000000156 51.5626
72.600000000000151 52.1029
72.700000000000145 52.5425
72.800000000000139 53.1105
72.900000000000134 53.5232
73.000000000000128 54.1364
73.100000000000122 54.5046
73.200000000000117 55.1613
73.300000000000111 55.4867
73.400000000000105 56.1675
73.500000000000099 56.4871
73.600000000000094 57.1559
73.700000000000088 57.4526
73.800000000000082 58.1276
73.900000000000077 58.4365
74.000000000000071 59.0833
74.100000000000065 59.4209
74.20000000000006 60.0404
74.300000000000054 60.4058
74.400000000000048 60.9333
74.500000000000043 61.3911
74.600000000000037 61.7809
74.700000000000031 62.2968
74.800000000000026 62.601
74.90000000000002 63.1894
75.000000000000014 63.4421
75.100000000000009 64.1008
75.200000000000003 64.35
75.299999999999997 64.9225
75.399999999999991 65.3371
75.499999999999986 65.7491
75.59999999999998 66.234
75.699999999999974 66.5203
75.799999999999969 33.4924
75.899999999999963 33.4924
75.999999999999957 33.5222
76.099999999999952 33.5222
76.199999999999946 34.493
76.29999999999994 34.493
76.399999999999935 35.4654
76.499999999999929 35.4936
76.599999999999923 36.4393
76.699999999999918 36.549
76.799999999999912 37.4146
76.899999999999906 37.6013
76.999999999999901 38.3911
77.099999999999895 38.6767
77.199999999999889 39.3688
77.299999999999883 39.7229
77.399999999999878 40.3476
77.499999999999872 40.7914
77.599999999999866 41.3274
77.699999999999861 41.8565
77.799999999999855 42.3081
77.899999999999849 42.9184
77.999999999999844 43.2897
78.099999999999838 43.9091
78.199999999999832 44.2721
78.299999999999827 44.878
78.399999999999821 45.2553
78.499999999999815 45.8263
78.59999999999981 46.2392
78.699999999999804 46.7341
78.799999999999798 47.2238
78.899999999999793 47.6455
78.999999999999787 48.209
79.099999999999781 48.5192
79.199999999999775 49.1948
79.29999999999977 49.3977
79.399999999999764 50.1811
79.499999999999758 50.2807
79.599999999999753 51.168
79.699999999999747 51.2071
79.799999999999741 51.7511
79.899999999999736 52.1745
79.99999999999973 52.5946
80.099999999999724 53.1432
80.199999999999719 53.3873
80.299999999999713 54.1315
80.399999999999707 54.2054
80.499999999999702 55.0112
80.599999999999696 55.1565
80.69999999999969 55.9487
80.799999999999685 56.1628
80.899999999999679 57.0988
80.999999999999673 57.1513
81.099999999999667 58.0886
81.199999999999662 58.1575
81.299999999999656 59.0788
81.39999999999965 59.1803
81.499999999999645 60.0693
81.599999999999639 60.2024
81.699999999999633 61.0601
81.799999999999628 61.2237
81.899999999999622 62.0512
81.999999999999616 62.2604
82.099999999999611 63.0426
82.199999999999605 63.2801
82.299999999999599 64.0499
82.399999999999594 64.4391
82.499999999999588 65.0416
82.599999999999582 65.5928
82.699999999999577 66.0486
82.799999999999571 66.6815
82.899999999999565 67.0405
82.999999999999559 67.7381
83.099999999999554 68.0474
83.199999999999548 68.8074
83.299999999999542 69.0396
83.399999999999537 69.8604
83.499999999999531 70.032
83.599999999999525 70.94
83.69999999999952 71.0387
83.799999999999514 71.934
83.899999999999508 72.0313
83.999999999999503 72.9145
84.099999999999497 73.0241
84.199999999999491 73.8954
84.299999999999486 74.0171
84.39999999999948 74.9169
84.499999999999474 75.0236
84.599999999999469 75.8983
84.699999999999463 76.0168
84.799999999999457 76.8802
84.899999999999451 77.0102
84.999999999999446 77.9011
85.09999999999944 78.0166
85.199999999999434 78.8834
85.299999999999429 79.0481
85.399999999999423 79.8662
85.499999999999417 80.1038
85.599999999999412 80.8741
85.699999999999406 81.1827
85.7999999999994 81.8696
85.899999999999395 82.2596
85.999999999999389 82.8532
86.099999999999383 83.3346
86.199999999999378 83.8371
86.299999999999372 84.3959
86.399999999999366 84.8214
86.499999999999361 85.4206
86.599999999999355 85.8061
86.699999999999349 86.3868
86.799999999999343 86.7911
86.899999999999338 87.3195
86.999999999999332 87.7764
87.099999999999326 88.2197
87.199999999999321 88.7396
87.299999999999315 89.1107
87.399999999999309 89.6812
87.499999999999304 89.9818
87.599999999999298 90.6241
87.699999999999292 90.8446
87.799999999999287 91.5683
87.899999999999281 91.7755
87.999999999999275 92.427
88.09999999999927 92.7295
88.199999999999264 93.2564
88.299999999999258 93.6417
88.399999999999253 94.0785
88.499999999999247 94.5768
88.599999999999241 94.8408
88.699999999999235 95.4714
88.79999999999923 95.7642
88.899999999999224 96.4095
88.999999999999218 96.7822
89.099999999999213 97.4413
89.199999999999207 97.8101
89.299999999999201 98.4521
89.399999999999196 98.8475
89.49999999999919 99.4526
89.599999999999184 99.8941
89.699999999999179 100.453
89.799999999999173 100.94
89.899999999999167 101.483
89.999999999999162 101.994
90.099999999999156 102.522
90.19999999999915 103.048
90.299999999999145 103.532
90.399999999999139 104.081
90.499999999999133 104.551
90.599999999999127 105.076
90.699999999999122 105.541
90.799999999999116 106.061
90.89999999999911 106.512
90.999999999999105 107.028
91.099999999999099 107.457
91.199999999999093 107.976
91.299999999999088 108.392
91.399999999999082 108.908
91.499999999999076 109.311
91.599999999999071 109.822
91.699999999999065 110.249
91.799999999999059 110.729
91.899999999999054 111.198
91.999999999999048 111.655
92.099999999999042 112.12
92.199999999999037 112.574
92.299999999999031 112.956
92.399999999999025 113.38
92.499999999999019 113.837
92.599999999999014 114.232
92.699999999999008 114.704
92.799999999999002 115.165
92.899999999998997 115.607
92.999999999998991 116.065
93.099999999998985 116.589
93.19999999999898 117.06
93.299999999998974 117.588
93.399999999998968 118.114
93.499999999998963 118.596
93.599999999998957 119.143
93.699999999998951 119.612
93.799999999998946 120.154
93.89999999999894 120.619
93.999999999998934 121.174
94.099999999998929 121.627
94.199999999998923 122.201
94.299999999998917 122.626
94.399999999998911 123.195
94.499999999998906 123.625
94.5999999999989 124.19
94.699999999998894 124.616
94.799999999998889 125.168
94.899999999998883 125.599
94.999999999998877 126.099
95.099999999998872 126.574
95.199999999998866 127.024
95.29999999999886 127.542
95.399999999998855 127.934
95.499999999998849 128.519
95.599999999998843 128.845
95.699999999998838 129.457
95.799999999998832 129.758
95.899999999998826 130.335
95.99999999999882 130.641
96.099999999998815 131.206
96.199999999998809 131.579
96.299999999998803 131.997
96.399999999998798 132.503
96.499999999998792 132.82
96.599999999998786 133.421
96.699999999998781 133.698
96.799999999998775 134.28
96.899999999998769 134.6
96.999999999998764 135.215
97.099999999998758 135.614
97.199999999998752 136.269
97.299999999998747 136.628
97.399999999998741 137.321
97.499999999998735 137.641
97.59999999999873 138.359
97.699999999998724 138.662
97.799999999998718 139.381
97.899999999998712 139.69
97.999999999998707 140.389
98.099999999998701 140.724
98.199999999998695 141.39
98.29999999999869 141.757
98.399999999998684 142.391
98.499999999998678 142.784
98.599999999998673 143.413
98.699999999998667 143.817
98.799999999998661 144.434
98.899999999998656 144.849
98.99999999999865 145.462
99.099999999998644 145.853
99.199999999998639 146.456
99.299999999998633 146.456
99.399999999998627 146.456
99.499999999998622 1
99.599999999998616 1
99.69999999999861 1
99.799999999998604 1
99.899999999998599 1
99.999999999998593 1
