0 1
0.10000000000000001 1
0.20000000000000001 1
0.30000000000000004 1
0.40000000000000002 1
0.5 1
0.59999999999999998 1
0.69999999999999996 1
0.79999999999999993 1
0.89999999999999991 1
0.99999999999999989 1
1.0999999999999999 1
1.2 2
1.3 2
1.4000000000000001 4
1.5000000000000002 4
1.6000000000000003 8
1.7000000000000004 8
1.8000000000000005 16
1.9000000000000006 16
2.0000000000000004 32
2.1000000000000005 32
2.2000000000000006 32
2.3000000000000007 64
2.4000000000000008 64
2.5000000000000009 32.5
2.600000000000001 32.5
2.7000000000000011 32.5308
2.8000000000000012 32.5308
2.9000000000000012 32.5308
3.0000000000000013 32.5308
3.1000000000000014 1
3.2000000000000015 1
3.3000000000000016 2
3.4000000000000017 2
3.5000000000000018 4
3.6000000000000019 4
3.700000000000002 8
3.800000000000002 15
3.9000000000000021 16
4.0000000000000018 16.9132
4.1000000000000014 16.9723
4.2000000000000011 17.8917
4.3000000000000007 17.8917
4.4000000000000004 18.6051
4.5 18.8192
4.5999999999999996 19.6521
4.6999999999999993 19.7538
4.7999999999999989 20.4511
4.8999999999999986 20.6944
4.9999999999999982 21.314
5.0999999999999979 21.6403
5.1999999999999975 22.1433
5.2999999999999972 22.5908
5.3999999999999968 23.5029
5.4999999999999964 23.5454
5.5999999999999961 24.5036
5.6999999999999957 24.5036
5.7999999999999954 25.465
5.899999999999995 25.465
5.9999999999999947 26.4292
6.0999999999999943 26.4292
6.199999999999994 27.396
6.2999999999999936 27.396
6.3999999999999932 28.365
6.4999999999999929 28.365
6.5999999999999925 29.3361
6.6999999999999922 29.3702
6.7999999999999918 30.3091
6.8999999999999915 30.4079
6.9999999999999911 31.2837
7.0999999999999908 31.4114
7.1999999999999904 32.2599
7.2999999999999901 32.4455
7.3999999999999897 33.2375
7.4999999999999893 33.5073
7.599999999999989 34.2164
7.6999999999999886 34.5655
7.7999999999999883 35.1964
7.8999999999999879 35.6202
7.9999999999999876 36.1776
8.0999999999999872 36.7537
8.1999999999999869 37.1597
8.2999999999999865 37.8532
8.3999999999999861 38.1428
8.4999999999999858 38.9216
8.5999999999999854 39.1267
8.6999999999999851 40.0115
8.7999999999999847 40.1113
8.8999999999999844 41.0481
8.999999999999984 41.0968
9.0999999999999837 42.0591
9.1999999999999833 42.0829
9.2999999999999829 43.0696
9.3999999999999826 43.0696
9.4999999999999822 44.0569
9.5999999999999819 44.0569
9.6999999999999815 45.0448
9.7999999999999812 45.0448
9.8999999999999808 46.0332
9.9999999999999805 46.0332
10.09999999999998 47.0221
10.19999999999998 47.0221
10.299999999999979 48.0115
10.399999999999979 48.0947
10.499999999999979 49.0012
10.599999999999978 49.1235
10.699999999999978 49.9914
10.799999999999978 50.0913
10.899999999999977 50.9623
10.999999999999977 51.0212
11.099999999999977 51.9344
11.199999999999976 51.9344
11.299999999999976 52.8885
11.399999999999975 52.9074
11.499999999999975 53.7886
11.599999999999975 53.8815
11.699999999999974 54.6556
11.799999999999974 54.8565
11.899999999999974 55.4909
11.999999999999973 55.8323
12.099999999999973 56.2962
12.199999999999973 56.809
12.299999999999972 57.0725
12.399999999999972 57.7692
12.499999999999972 57.7865
12.599999999999971 58.5944
12.699999999999971 58.7648
12.799999999999971 59.3575
12.89999999999997 59.7438
12.99999999999997 60.0943
13.099999999999969 60.7234
13.199999999999969 61.1174
13.299999999999969 61.7037
13.399999999999968 62.172
13.499999999999968 62.6847
13.599999999999968 63.2248
13.699999999999967 63.6662
13.799999999999967 64.2292
13.899999999999967 64.6483
13.999999999999966 65.2948
14.099999999999966 65.6309
14.199999999999966 66.3131
14.299999999999965 66.614
14.399999999999965 67.3308
14.499999999999964 67.5976
14.599999999999964 68.3041
14.699999999999964 68.5817
14.799999999999963 69.3359
14.899999999999963 69.5951
14.999999999999963 70.381
15.099999999999962 70.6363
15.199999999999962 71.4108
15.299999999999962 71.6624
15.399999999999961 72.4397
15.499999999999961 72.7015
15.599999999999961 73.4406
15.69999999999996 73.726
15.79999999999996 74.4549
15.899999999999959 74.7231
15.999999999999959 75.4689
16.099999999999959 75.7599
16.19999999999996 76.4563
16.299999999999962 76.7956
16.399999999999963 77.444
16.499999999999964 77.8176
16.599999999999966 78.4321
16.699999999999967 78.839
16.799999999999969 79.4204
16.89999999999997 79.885
16.999999999999972 80.4091
17.099999999999973 80.9297
17.199999999999974 81.398
17.299999999999976 81.9734
17.399999999999977 82.3871
17.499999999999979 83.0159
17.59999999999998 83.3766
17.699999999999982 84.0575
17.799999999999983 84.3662
17.899999999999984 85.0745
17.999999999999986 85.3562
18.099999999999987 86.0795
18.199999999999989 86.3463
18.29999999999999 87.05
18.399999999999991 87.3367
18.499999999999993 88.0097
18.599999999999994 88.3273
18.699999999999996 88.9478
18.799999999999997 89.3069
18.899999999999999 89.8539
19 90.2648
19.100000000000001 90.7289
19.200000000000003 91.2017
19.300000000000004 91.5846
19.400000000000006 92.1181
19.500000000000007 92.4108
19.600000000000009 93.0471
19.70000000000001 93.2832
19.800000000000011 93.9349
19.900000000000013 94.2326
20.000000000000014 94.7617
20.100000000000016 95.1514
20.200000000000017 95.5395
20.300000000000018 96.051
20.40000000000002 96.3421
20.500000000000021 96.9113
20.600000000000023 97.354
20.700000000000024 97.9378
20.800000000000026 98.3657
20.900000000000027 98.9739
21.000000000000028 99.3973
21.10000000000003 100.009
21.200000000000031 100.428
21.300000000000033 101.024
21.400000000000034 101.449
21.500000000000036 102.058
21.600000000000037 102.469
21.700000000000038 103.082
21.80000000000004 103.479
21.900000000000041 104.096
22.000000000000043 104.498
22.100000000000044 105.09
22.200000000000045 105.508
22.300000000000047 106.084
22.400000000000048 106.489
22.50000000000005 107.07
22.600000000000051 107.461
22.700000000000053 108.055
22.800000000000054 108.425
22.900000000000055 109.023
23.000000000000057 109.361
23.100000000000058 109.963
23.20000000000006 110.281
23.300000000000061 110.878
23.400000000000063 111.238
23.500000000000064 111.785
23.600000000000065 112.169
23.700000000000067 112.676
23.800000000000068 113.093
23.90000000000007 113.552
24.000000000000071 114.026
24.100000000000072 114.359
24.200000000000074 114.909
24.300000000000075 115.213
24.400000000000077 115.724
24.500000000000078 116.129
24.60000000000008 58.1033
24.700000000000081 58.1033
24.800000000000082 58.1205
24.900000000000084 58.7197
25.000000000000085 59.1102
25.100000000000087 59.7329
25.200000000000088 60.1002
25.30000000000009 60.7786
25.400000000000091 61.0905
25.500000000000092 61.8066
25.600000000000094 62.0972
25.700000000000095 62.8178
25.800000000000097 63.1512
25.900000000000098 63.8599
26.000000000000099 64.2035
26.100000000000101 64.8545
26.200000000000102 65.2542
26.300000000000104 65.8644
26.400000000000105 66.3033
26.500000000000107 66.8441
26.600000000000108 67.3509
26.700000000000109 67.8981
26.800000000000111 68.3971
26.900000000000112 68.9215
27.000000000000114 69.4131
27.100000000000115 69.9584
27.200000000000117 70.4286
27.300000000000118 70.9662
27.400000000000119 71.4297
27.500000000000121 72.0015
27.600000000000122 72.4308
27.700000000000124 72.9947
27.800000000000125 73.4318
27.900000000000126 73.9746
28.000000000000128 74.4462
28.100000000000129 74.955
28.200000000000131 75.4338
28.300000000000132 75.9359
28.400000000000134 76.4217
28.500000000000135 76.9953
28.600000000000136 77.4486
28.700000000000138 78.0659
28.800000000000139 78.4621
28.900000000000141 79.1221
29.000000000000142 79.4626
29.100000000000144 80.1394
29.200000000000145 80.4632
29.300000000000146 81.1562
29.400000000000148 81.4637
29.500000000000149 82.1726
29.600000000000151 82.44
29.700000000000152 83.1766
29.800000000000153 83.4407
29.900000000000155 84.1687
30.000000000000156 84.4297
30.100000000000158 85.1844
30.200000000000159 85.4306
30.300000000000161 86.1881
30.400000000000162 86.4546
30.500000000000163 87.1918
30.600000000000165 87.5009
30.700000000000166 88.184
30.800000000000168 88.5009
30.900000000000169 89.1764
31.000000000000171 89.4675
31.100000000000172 90.1578
31.200000000000173 90.4015
31.300000000000175 91.1178
31.400000000000176 91.3151
31.500000000000178 92.0785
31.600000000000179 92.2847
31.70000000000018 93.0186
31.800000000000182 93.2441
31.900000000000183 93.9067
32.000000000000185 94.1938
32.100000000000186 94.776
32.200000000000188 95.1761
32.300000000000189 95.5955
32.40000000000019 96.1379
32.500000000000192 96.3354
32.600000000000193 97.0387
32.700000000000195 97.2034
32.800000000000196 97.8699
32.900000000000198 98.1556
33.000000000000199 49.0931
33.1000000000002 49.0931
33.200000000000202 49.1134
33.300000000000203 49.1134
33.400000000000205 49.1134
33.500000000000206 1
33.600000000000207 1
33.700000000000209 2
33.80000000000021 2
33.900000000000212 4
34.000000000000213 4
34.100000000000215 8
34.200000000000216 8
34.300000000000217 16
34.400000000000219 16
34.50000000000022 24.3313
34.600000000000222 24.3313
34.700000000000223 25.2993
34.800000000000225 25.2993
34.900000000000226 26.2696
35.000000000000227 26.3076
35.100000000000229 27.242
35.20000000000023 27.4615
35.300000000000232 28.2163
35.400000000000233 28.5337
35.500000000000234 29.1924
35.600000000000236 29.7021
35.700000000000237 30.17
35.800000000000239 30.8261
35.90000000000024 31.149
36.000000000000242 31.9419
36.100000000000243 32.1293
36.200000000000244 33.02
36.300000000000246 33.1108
36.400000000000247 34.0639
36.500000000000249 34.0933
36.60000000000025 35.0768
36.700000000000252 35.0768
36.800000000000253 36.0612
36.900000000000254 36.0612
37.000000000000256 37.0464
37.100000000000257 37.0464
37.200000000000259 38.0324
37.30000000000026 38.0324
37.400000000000261 39.0191
37.500000000000263 39.0191
37.600000000000264 40.0064
37.700000000000266 40.0064
37.800000000000267 40.9943
37.900000000000269 41.0675
38.00000000000027 41.959
38.100000000000271 42.1018
38.200000000000273 42.9253
38.300000000000274 43.1809
38.400000000000276 43.8931
38.500000000000277 44.1884
38.600000000000279 44.8623
38.70000000000028 45.1512
38.800000000000281 45.8328
38.900000000000283 46.0723
39.000000000000284 46.8046
39.100000000000286 46.9326
39.200000000000287 47.7775
39.300000000000288 47.7775
39.40000000000029 48.6899
39.500000000000291 48.7515
39.600000000000293 49.5654
39.700000000000294 49.7265
39.800000000000296 50.4454
39.900000000000297 50.7025
40.000000000000298 51.2714
40.1000000000003 51.6795
40.200000000000301 52.0074
40.300000000000303 52.6383
40.400000000000304 52.6573
40.500000000000306 53.4865
40.600000000000307 53.6359
40.700000000000308 54.3214
40.80000000000031 27.1607
40.900000000000311 27.1607
41.000000000000313 27.1975
41.100000000000314 27.1975
41.200000000000315 27.1975
41.300000000000317 1
41.400000000000318 1
41.50000000000032 2
41.600000000000321 2
41.700000000000323 4
41.800000000000324 4
41.900000000000325 8
42.000000000000327 8
42.100000000000328 13.2294
42.20000000000033 13.2294
42.300000000000331 14.1805
42.400000000000333 14.3212
42.500000000000334 15.1378
42.600000000000335 15.5943
42.700000000000337 16.1001
42.800000000000338 16.7707
42.90000000000034 17.0667
43.000000000000341 17.9255
43.100000000000342 18.0369
43.200000000000344 18.9573
43.300000000000345 19.01
43.400000000000347 19.9858
43.500000000000348 19.9858
43.60000000000035 20.9159
43.700000000000351 20.9159
43.800000000000352 21.8522
43.900000000000354 21.8522
44.000000000000355 22.7939
44.100000000000357 22.7939
44.200000000000358 23.7403
44.30000000000036 23.7403
44.400000000000361 24.6909
44.500000000000362 24.6909
44.600000000000364 25.6453
44.700000000000365 25.6453
44.800000000000367 26.603
44.900000000000368 26.603
45.000000000000369 27.5636
45.100000000000371 27.5636
45.200000000000372 28.527
45.300000000000374 28.527
45.400000000000375 29.4927
45.500000000000377 29.4927
45.600000000000378 30.362
45.700000000000379 30.4607
45.800000000000381 31.1428
45.900000000000382 31.4306
46.000000000000384 31.6843
46.100000000000385 32.4024
46.200000000000387 32.4024
46.300000000000388 33.3758
46.400000000000389 33.3758
46.500000000000391 34.3507
46.600000000000392 34.3507
46.700000000000394 35.0142
46.800000000000395 35.3271
46.900000000000396 35.4119
47.000000000000398 36.3047
47.100000000000399 36.3047
47.200000000000401 37.2834
47.300000000000402 37.2834
47.400000000000404 38.2633
47.500000000000405 38.2633
47.600000000000406 39.2442
47.700000000000408 39.2697
47.800000000000409 40.226
47.900000000000411 40.3749
48.000000000000412 41.2087
48.100000000000414 41.4266
48.200000000000415 42.1922
48.300000000000416 42.4992
48.400000000000418 43.1764
48.500000000000419 43.5914
48.600000000000421 44.1613
48.700000000000422 44.7016
48.800000000000423 45.1469
48.900000000000425 45.7631
49.000000000000426 46.1332
49.100000000000428 46.7577
49.200000000000429 47.1199
49.300000000000431 47.7316
49.400000000000432 48.1073
49.500000000000433 48.6654
49.600000000000435 49.0951
49.700000000000436 49.5413
49.800000000000438 50.0834
49.900000000000439 50.3622
50.000000000000441 51.0722
50.100000000000442 51.1309
50.200000000000443 52.0614
50.300000000000445 52.0614
50.400000000000446 53.0133
50.500000000000448 53.051
50.600000000000449 53.8184
50.70000000000045 54.041
50.800000000000452 54.5934
50.900000000000453 55.0313
51.000000000000455 55.249
51.100000000000456 56.022
51.200000000000458 56.022
51.300000000000459 56.8373
51.40000000000046 28.4186
51.500000000000462 28.4186
51.600000000000463 28.4538
51.700000000000465 28.4538
51.800000000000466 28.4538
51.900000000000468 1
52.000000000000469 1
52.10000000000047 2
52.200000000000472 2
52.300000000000473 4
52.400000000000475 4
52.500000000000476 8
52.600000000000477 11
52.700000000000479 14.1425
52.80000000000048 14.7666
52.900000000000482 15.1022
53.000000000000483 15.9415
53.100000000000485 16.0667
53.200000000000486 17.0352
53.300000000000487 17.0352
53.400000000000489 18.007
53.50000000000049 18.007
53.600000000000492 18.9817
53.700000000000493 18.9817
53.800000000000495 19.9086
53.900000000000496 19.9086
54.000000000000497 20.8422
54.100000000000499 20.8422
54.2000000000005 21.7817
54.300000000000502 21.7817
54.400000000000503 22.7263
54.500000000000504 22.7263
54.600000000000506 23.6754
54.700000000000507 23.6754
54.800000000000509 24.6286
54.90000000000051 24.6286
55.000000000000512 25.5852
55.100000000000513 25.5852
55.200000000000514 26.5451
55.300000000000516 26.5827
55.400000000000517 27.5078
55.500000000000519 27.689
55.60000000000052 28.473
55.700000000000522 28.8223
55.800000000000523 29.4405
55.900000000000524 29.8791
56.000000000000526 30.4101
56.100000000000527 30.9967
56.200000000000529 31.3817
56.30000000000053 32.0754
56.400000000000531 32.3549
56.500000000000533 33.1189
56.600000000000534 33.3297
56.700000000000536 34.1598
56.800000000000537 34.3059
56.900000000000539 35.1699
57.00000000000054 35.2835
57.100000000000541 36.1794
57.200000000000543 36.2623
57.300000000000544 37.1884
57.400000000000546 37.2422
57.500000000000547 38.1707
57.600000000000549 38.2231
57.70000000000055 39.1795
57.800000000000551 39.205
57.900000000000553 40.1878
58.000000000000554 40.1878
58.100000000000556 41.1713
58.200000000000557 41.1713
58.300000000000558 42.1557
58.40000000000056 42.1557
58.500000000000561 43.1176
58.600000000000563 43.1408
58.700000000000564 44.0585
58.800000000000566 44.1265
58.900000000000567 44.9574
59.000000000000568 45.1129
59.10000000000057 45.8169
59.200000000000571 46.0998
59.300000000000573 46.6176
59.400000000000574 47.0873
59.500000000000576 47.4049
59.600000000000577 48.0753
59.700000000000578 48.1169
59.80000000000058 49.0638
59.900000000000581 49.0638
60.000000000000583 49.8926
60.100000000000584 50.0527
60.200000000000585 50.5696
60.300000000000587 51.0421
60.400000000000588 51.2377
60.50000000000059 52.0319
60.600000000000591 52.262
60.700000000000593 53.022
60.800000000000594 53.323
60.900000000000595 54.0125
61.000000000000597 54.4
61.100000000000598 55.0034
61.2000000000006 55.4561
61.300000000000601 55.9945
61.400000000000603 56.4924
61.500000000000604 56.9685
61.600000000000605 57.5449
61.700000000000607 57.9433
61.800000000000608 58.5614
61.90000000000061 58.9189
62.000000000000611 59.594
62.100000000000612 59.8954
62.200000000000614 60.6091
62.300000000000615 60.8726
62.400000000000617 61.6075
62.500000000000618 61.8505
62.60000000000062 62.6059
62.700000000000621 62.8292
62.800000000000622 63.6044
62.900000000000624 63.8084
63.000000000000625 64.5874
63.100000000000627 64.8347
63.200000000000628 65.5862
63.30000000000063 65.8753
63.400000000000631 66.585
63.500000000000632 66.8997
63.600000000000634 67.569
63.700000000000635 67.9381
63.800000000000637 68.5681
63.900000000000638 68.9753
64.000000000000639 69.5529
64.100000000000634 70.0258
64.200000000000628 70.5381
64.300000000000622 71.0466
64.400000000000617 71.5376
64.500000000000611 72.0808
64.600000000000605 72.5234
64.7000000000006 73.1003
64.800000000000594 73.5096
64.900000000000588 74.1328
65.000000000000583 74.4961
65.100000000000577 75.1644
65.200000000000571 75.483
65.300000000000566 76.2082
65.40000000000056 76.4702
65.500000000000554 77.2251
65.600000000000549 77.4578
65.700000000000543 78.2159
65.800000000000537 78.4329
65.900000000000531 79.2069
66.000000000000526 79.4087
66.10000000000052 80.1608
66.200000000000514 80.385
66.300000000000509 81.1034
66.400000000000503 81.3619
66.500000000000497 82.023
66.600000000000492 82.3272
66.700000000000486 82.8721
66.80000000000048 83.3054
66.900000000000475 83.7125
67.000000000000469 84.284
67.100000000000463 84.521
67.200000000000458 85.2162
67.300000000000452 85.3452
67.400000000000446 86.1151
67.500000000000441 86.2892
67.600000000000435 86.9128
67.700000000000429 87.2573
67.800000000000423 87.6575
67.900000000000418 88.2261
68.000000000000412 88.4525
68.100000000000406 89.2292
68.200000000000401 89.4978
68.300000000000395 90.2323
68.400000000000389 90.5531
68.500000000000384 91.2243
68.600000000000378 91.5963
68.700000000000372 92.2165
68.800000000000367 92.6169
68.900000000000361 93.2089
69.000000000000355 93.6584
69.10000000000035 94.2014
69.200000000000344 94.6779
69.300000000000338 95.1941
69.400000000000333 95.6657
69.500000000000327 96.1869
69.600000000000321 96.6433
69.700000000000315 97.1799
69.80000000000031 97.5804
69.900000000000304 98.1527
70.000000000000298 98.4985
70.100000000000293 99.126
70.200000000000287 99.3879
70.300000000000281 100.07
70.400000000000276 100.269
70.50000000000027 100.945
70.600000000000264 101.163
70.700000000000259 101.813
70.800000000000253 102.147
70.900000000000247 102.703
71.000000000000242 103.131
71.100000000000236 103.489
71.20000000000023 104.067
71.300000000000225 104.279
71.400000000000219 104.91
71.500000000000213 105.129
71.600000000000207 105.726
71.700000000000202 106.123
71.800000000000196 106.733
71.90000000000019 107.117
72.000000000000185 107.741
72.100000000000179 108.167
72.200000000000173 108.766
72.300000000000168 109.243
72.400000000000162 109.773
72.500000000000156 110.282
72.600000000000151 110.779
72.700000000000145 111.329
72.800000000000139 111.795
72.900000000000134 112.366
73.000000000000128 112.801
73.100000000000122 113.367
73.200000000000117 113.798
73.300000000000111 114.377
73.400000000000105 114.787
73.500000000000099 115.369
73.600000000000094 115.776
73.700000000000088 116.345
73.800000000000082 116.731
73.900000000000077 117.278
74.000000000000071 117.678
74.100000000000065 118.195
74.20000000000006 118.618
74.300000000000054 119.097
74.400000000000048 119.592
74.500000000000043 119.984
74.600000000000037 120.533
74.700000000000031 120.889
74.800000000000026 121.467
74.90000000000002 121.779
75.000000000000014 122.336
75.100000000000009 122.647
75.200000000000003 123.175
75.299999999999997 123.556
75.399999999999991 123.96
75.499999999999986 124.492
75.59999999999998 124.789
75.699999999999974 125.38
75.799999999999969 125.651
75.899999999999963 126.231
75.999999999999957 126.531
76.099999999999952 127.264
76.199999999999946 127.57
76.29999999999994 128.305
76.399999999999935 128.624
76.499999999999929 129.322
76.599999999999923 129.654
76.699999999999918 130.339
76.799999999999912 130.707
76.899999999999906 131.355
76.999999999999901 131.736
77.099999999999895 132.364
77.199999999999889 132.764
77.299999999999883 133.38
77.399999999999878 133.822
77.499999999999872 134.388
77.599999999999866 134.871
77.699999999999861 135.389
77.799999999999855 135.92
77.899999999999849 136.39
77.999999999999844 136.968
78.099999999999838 137.384
78.199999999999832 137.987
78.299999999999827 138.377
78.399999999999821 138.976
78.499999999999815 139.364
78.59999999999981 139.937
78.699999999999804 140.344
78.799999999999798 140.877
78.899999999999793 141.316
78.999999999999787 141.79
79.099999999999781 142.276
79.199999999999775 142.669
79.29999999999977 143.221
79.399999999999764 143.521
79.499999999999758 144.147
79.599999999999753 144.355
79.699999999999747 145.025
79.799999999999741 145.328
79.899999999999736 145.892
79.99999999999973 146.275
80.099999999999724 146.732
80.199999999999719 147.195
80.299999999999713 147.507
80.399999999999707 148.069
80.499999999999702 74.0513
80.599999999999696 74.0513
80.69999999999969 74.0648
80.799999999999685 74.0648
80.899999999999679 74.0648
80.999999999999673 1
81.099999999999667 1
81.199999999999662 2
81.299999999999656 2
81.39999999999965 3
81.499999999999645 3
81.599999999999639 7
81.699999999999633 7
81.799999999999628 14
81.899999999999622 14
81.999999999999616 28
82.099999999999611 28
82.199999999999605 37.5102
82.299999999999599 37.5901
82.399999999999594 38.4843
82.499999999999588 38.7433
82.599999999999582 39.4597
82.699999999999577 39.8883
82.799999999999571 40.4362
82.899999999999565 41.0013
82.999999999999559 41.4139
83.099999999999554 42.061
83.199999999999548 42.3926
83.299999999999542 43.0947
83.399999999999537 43.3723
83.499999999999531 44.1268
83.599999999999525 44.3529
83.69999999999952 45.1575
83.799999999999514 45.3343
83.899999999999508 46.1652
83.999999999999503 46.3166
84.099999999999497 47.1513
84.199999999999491 47.2995
84.299999999999486 48.1587
84.39999999999948 48.2832
84.499999999999474 49.1455
84.599999999999469 49.2675
84.699999999999463 50.1528
84.799999999999457 50.2524
84.899999999999451 51.1402
84.999999999999446 51.2379
85.09999999999944 52.1473
85.199999999999434 52.2623
85.299999999999429 53.1541
85.399999999999423 53.2857
85.499999999999417 54.1607
85.599999999999412 54.3082
85.699999999999406 55.1851
85.7999999999994 55.3299
85.899999999999395 56.1731
85.999999999999389 56.3686
86.099999999999383 57.1615
86.199999999999378 57.3885
86.299999999999372 58.1503
86.399999999999366 58.3734
86.499999999999361 59.1394
86.599999999999355 59.3588
86.699999999999349 60.1289
86.799999999999343 60.2618
86.899999999999338 61.1188
86.999999999999332 61.1515
87.099999999999326 62.0767
87.199999999999321 62.1089
87.299999999999315 62.9725
87.399999999999309 63.0994
87.499999999999304 63.887
87.599999999999298 64.0902
87.699999999999292 64.7114
87.799999999999287 65.0812
87.899999999999281 65.4643
87.999999999999275 66.0725
88.09999999999927 66.2086
88.199999999999264 67.0194
88.299999999999258 67.0641
88.399999999999253 67.8204
88.499999999999247 68.0559
88.599999999999241 68.6558
88.699999999999235 69.048
88.79999999999923 69.438
88.899999999999224 70.0403
88.999999999999218 70.4815
89.099999999999213 71.0328
89.199999999999207 71.5518
89.299999999999201 72.0255
89.399999999999196 72.5925
89.49999999999919 73.0184
89.599999999999184 73.6049
89.699999999999179 74.0114
89.799999999999173 74.617
89.899999999999167 75.0047
89.999999999999162 75.642
90.099999999999156 75.9982
90.19999999999915 76.6272
90.299999999999145 76.9788
90.399999999999139 77.6256
90.499999999999133 77.9599
90.599999999999127 78.6114
90.699999999999122 78.9415
90.799999999999116 79.585
90.89999999999911 79.9235
90.999999999999105 80.5592
91.099999999999099 80.906
91.199999999999093 81.534
91.299999999999088 81.8645
91.399999999999082 82.473
91.499999999999076 82.7756
91.599999999999071 83.4015
91.699999999999065 83.6888
91.799999999999059 84.2842
91.899999999999054 84.6039
91.999999999999048 85.0872
92.099999999999042 85.5093
92.199999999999037 85.8478
92.299999999999031 86.4746
92.399999999999025 86.7747
92.499999999999019 87.372
92.599999999999014 87.612
92.699999999999008 88.2036
92.799999999999002 88.5092
92.899999999998997 88.9487
92.999999999998991 89.4532
93.099999999998985 89.8548
93.19999999999898 90.4428
93.299999999998974 90.873
93.399999999998968 91.4325
93.499999999998963 91.9234
93.599999999998957 92.4333
93.699999999998951 92.9512
93.799999999998946 93.4341
93.89999999999894 93.9784
93.999999999998934 94.4454
94.099999999998929 94.9944
94.199999999998923 95.4565
94.299999999998917 95.9998
94.399999999998911 96.4363
94.499999999998906 96.9843
94.5999999999989 97.4165
94.699999999998894 97.9488
94.799999999998889 98.3767
94.899999999998883 98.8837
94.999999999998877 99.3579
95.099999999998872 99.7897
95.199999999998866 100.339
95.29999999999886 100.717
95.399999999998855 101.302
95.499999999998849 101.627
95.599999999998843 102.235
95.699999999998838 102.548
95.799999999998832 103.16
95.899999999998826 103.46
95.99999999999882 104.029
96.099999999998815 104.327
96.199999999998809 104.805
96.299999999998803 105.29
96.399999999998798 105.594
96.499999999998792 106.189
96.599999999998786 106.471
96.699999999998781 107.08
96.799999999998775 53.5679
96.899999999998769 53.5679
96.999999999998764 53.5865
97.099999999998758 54.1066
97.199999999998752 54.5668
97.299999999998747 55.1865
97.399999999998741 55.5477
97.499999999998735 56.2634
97.59999999999873 56.5294
97.699999999998724 57.2851
97.799999999998718 57.5116
97.899999999998712 58.3232
97.999999999998707 58.4945
98.099999999998701 59.3432
98.199999999998695 59.4779
98.29999999999869 60.3625
98.399999999998684 60.4619
98.499999999998678 61.3812
98.599999999998673 61.4463
98.699999999998667 62.3832
98.799999999998661 62.4313
98.899999999998656 63.401
98.99999999999865 63.4168
99.099999999998644 64.3871
99.199999999998639 64.4026
99.299999999998633 64.4026
99.399999999998627 1
99.499999999998622 1
99.599999999998616 1
99.69999999999861 1
99.799999999998604 1
99.899999999998599 1
99.999999999998593 1
