0 1
0.10000000000000001 1
0.20000000000000001 1
0.30000000000000004 1
0.40000000000000002 1
0.5 1
0.59999999999999998 1
0.69999999999999996 1
0.79999999999999993 1
0.89999999999999991 1
0.99999999999999989 1
1.0999999999999999 1
1.2 2
1.3 2
1.4000000000000001 4
1.5000000000000002 4
1.6000000000000003 8
1.7000000000000004 8
1.8000000000000005 16
1.9000000000000006 16
2.0000000000000004 32
2.1000000000000005 32
2.2000000000000006 64
2.3000000000000007 64
2.4000000000000008 98
2.5000000000000009 49.5
2.600000000000001 49.5
2.7000000000000011 49.5202
2.8000000000000012 49.5202
2.9000000000000012 49.5202
3.0000000000000013 1
3.1000000000000014 1
3.2000000000000015 2
3.3000000000000016 2
3.4000000000000017 3
3.5000000000000018 3
3.6000000000000019 5
3.700000000000002 5
3.800000000000002 8
3.9000000000000021 8
4.0000000000000018 13
4.1000000000000014 13
4.2000000000000011 15
4.3000000000000007 15
4.4000000000000004 24
4.5 24.2489
4.5999999999999996 24.4953
4.6999999999999993 24.6582
4.7999999999999989 24.7797
4.8999999999999986 25.7307
4.9999999999999982 25.7307
5.0999999999999979 26.6853
5.1999999999999975 26.6853
5.2999999999999972 27.6431
5.3999999999999968 27.6431
5.4999999999999964 28.6038
5.5999999999999961 28.6038
5.6999999999999957 29.567
5.7999999999999954 29.567
5.899999999999995 30.5326
5.9999999999999947 30.5326
6.0999999999999943 31.5004
6.199999999999994 31.5321
6.2999999999999936 32.47
6.3999999999999932 32.6237
6.4999999999999929 33.4415
6.5999999999999925 33.7689
6.6999999999999922 34.4145
6.7999999999999918 34.9625
6.8999999999999915 35.3891
6.9999999999999911 36.1443
7.0999999999999908 36.365
7.1999999999999904 37.3154
7.2999999999999901 37.3422
7.3999999999999897 38.3206
7.4999999999999893 38.3206
7.599999999999989 39.3
7.6999999999999886 39.3
7.7999999999999883 40.2805
7.8999999999999879 40.2805
7.9999999999999876 41.2619
8.0999999999999872 41.2861
8.1999999999999869 42.2441
8.2999999999999865 42.3387
8.3999999999999861 43.2272
8.4999999999999858 43.3427
8.5999999999999854 44.211
8.6999999999999851 44.3691
8.7999999999999847 45.1955
8.8999999999999844 45.4163
8.999999999999984 46.1807
9.0999999999999837 46.4399
9.1999999999999833 47.1665
9.2999999999999829 47.4835
9.3999999999999826 48.1528
9.4999999999999822 48.5459
9.5999999999999819 49.1398
9.6999999999999815 49.5855
9.7999999999999812 50.1272
9.8999999999999808 50.6433
9.9999999999999805 51.1542
10.09999999999998 51.6795
10.19999999999998 52.1802
10.299999999999979 52.7142
10.399999999999979 53.2052
10.499999999999979 53.729
10.599999999999978 54.2108
10.699999999999978 54.725
10.799999999999978 55.2162
10.899999999999977 55.7032
10.999999999999977 56.2215
11.099999999999977 56.6644
11.199999999999976 57.1915
11.299999999999976 57.627
11.399999999999975 58.111
11.499999999999975 58.5738
11.599999999999975 59.033
11.699999999999974 59.4719
11.799999999999974 60.0243
11.899999999999974 60.3898
11.999999999999973 60.9174
12.099999999999973 61.2939
12.199999999999973 61.7652
12.299999999999972 62.2331
12.399999999999972 62.6335
12.499999999999972 63.1899
12.599999999999971 63.5057
12.699999999999971 63.9764
12.799999999999971 64.366
12.89999999999997 32.2374
12.99999999999997 32.2374
13.099999999999969 32.2684
13.199999999999969 32.7912
13.299999999999969 33.2457
13.399999999999968 33.8718
13.499999999999968 34.2244
13.599999999999968 34.9189
13.699999999999967 35.3743
13.799999999999967 36.0466
13.899999999999967 36.4605
13.999999999999966 37.0862
14.099999999999966 37.4619
14.199999999999966 38.1499
14.299999999999965 38.4633
14.399999999999965 39.1336
14.499999999999964 39.4645
14.599999999999964 40.1181
14.699999999999964 40.4904
14.799999999999963 41.1034
14.899999999999963 41.5151
14.999999999999963 42.0894
15.099999999999962 42.5855
15.199999999999962 43.0759
15.299999999999962 43.5838
15.399999999999961 44.0631
15.499999999999961 44.5597
15.599999999999961 45.0953
15.69999999999996 45.5587
15.79999999999996 46.1477
15.899999999999959 46.6006
15.999999999999959 47.2401
16.099999999999959 47.7246
16.19999999999996 48.2872
16.299999999999962 48.8432
16.399999999999963 49.3323
16.499999999999964 49.9769
16.599999999999966 50.3358
16.699999999999967 50.9677
16.799999999999969 51.3587
16.89999999999997 51.9396
16.999999999999972 52.3616
17.099999999999973 52.9126
17.199999999999974 53.3643
17.299999999999976 53.8866
17.399999999999977 54.367
17.499999999999979 54.8615
17.59999999999998 55.3515
17.699999999999982 55.873
17.799999999999983 56.3365
17.899999999999984 56.9194
17.999999999999986 57.3395
18.099999999999987 57.9468
18.199999999999989 58.3081
18.29999999999999 58.9394
18.399999999999991 59.2947
18.499999999999993 59.9155
18.599999999999994 60.265
18.699999999999996 60.8595
18.799999999999997 61.2363
18.899999999999999 61.8053
19 62.2086
19.100000000000001 62.7369
19.200000000000003 63.1658
19.300000000000004 63.6862
19.400000000000006 64.14
19.500000000000007 64.6525
19.600000000000009 65.0842
19.70000000000001 65.5435
19.800000000000011 65.9846
19.900000000000013 66.2115
20.000000000000014 66.813
20.100000000000016 67.1564
20.200000000000017 67.6756
20.300000000000018 34
20.40000000000002 34
20.500000000000021 34
20.600000000000023 34.1761
20.700000000000024 35.0147
20.800000000000026 35.2141
20.900000000000027 36.0008
21.000000000000028 36.25
21.10000000000003 36.9876
21.200000000000031 37.2839
21.300000000000033 37.9488
21.400000000000034 38.3421
21.500000000000036 38.9119
21.600000000000037 39.4227
21.700000000000038 39.8768
21.80000000000004 40.4743
21.900000000000041 40.8434
22.000000000000043 41.5235
22.100000000000044 41.8115
22.200000000000045 42.5702
22.300000000000047 42.8279
22.400000000000048 43.5918
22.50000000000005 43.7979
22.600000000000051 44.59
22.700000000000053 44.7691
22.800000000000054 45.5444
22.900000000000055 45.7197
23.000000000000057 46.4791
23.100000000000058 46.6724
23.20000000000006 47.4166
23.300000000000061 47.648
23.400000000000063 48.2737
23.500000000000064 48.6246
23.600000000000065 49.1769
23.700000000000067 49.6022
23.800000000000068 50.0838
23.90000000000007 50.5806
24.000000000000071 50.9353
24.100000000000072 51.5598
24.200000000000074 51.6761
24.300000000000075 52.3873
24.400000000000077 52.5398
24.500000000000078 53.1831
24.60000000000008 53.5206
24.700000000000081 54.0228
24.800000000000082 27.0114
24.900000000000084 27.0114
25.000000000000085 27.0484
25.100000000000087 27.0484
25.200000000000088 1
25.30000000000009 1
25.400000000000091 2
25.500000000000092 2
25.600000000000094 4
25.700000000000095 4
25.800000000000097 8
25.900000000000098 8
26.000000000000099 13.2294
26.100000000000101 13.2294
26.200000000000102 14.1805
26.300000000000104 14.1805
26.400000000000105 15.1378
26.500000000000107 15.1378
26.600000000000108 16.1001
26.700000000000109 16.1622
26.800000000000111 17.0667
26.900000000000112 17.4153
27.000000000000114 18.0369
27.100000000000115 18.7448
27.200000000000117 19.01
27.300000000000118 19.9858
27.400000000000119 19.9858
27.500000000000121 20.9159
27.600000000000122 20.9159
27.700000000000124 21.8522
27.800000000000125 21.8522
27.900000000000126 22.7939
28.000000000000128 22.7939
28.100000000000129 23.7403
28.200000000000131 23.7403
28.300000000000132 24.6909
28.400000000000134 24.6909
28.500000000000135 25.6453
28.600000000000136 25.6453
28.700000000000138 26.603
28.800000000000139 26.6781
28.900000000000141 27.5636
29.000000000000142 27.7806
29.100000000000144 28.527
29.200000000000145 28.9448
29.300000000000146 29.4927
29.400000000000148 30.1304
29.500000000000149 30.4607
29.600000000000151 31.207
29.700000000000152 31.4306
29.800000000000153 32.2786
29.900000000000155 32.4024
30.000000000000156 33.3758
30.100000000000158 33.3758
30.200000000000159 34.3507
30.300000000000161 34.3507
30.400000000000162 35.3271
30.500000000000163 35.3271
30.600000000000165 36.3047
30.700000000000166 36.3047
30.800000000000168 37.2834
30.900000000000169 37.2834
31.000000000000171 38.2633
31.100000000000172 38.2633
31.200000000000173 39.2442
31.300000000000175 39.2442
31.400000000000176 40.226
31.500000000000178 40.226
31.600000000000179 41.2087
31.70000000000018 41.2087
31.800000000000182 41.9544
31.900000000000183 42.1922
32.000000000000185 42.734
32.100000000000186 43.1764
32.200000000000188 43.4305
32.300000000000189 44.1613
32.40000000000019 44.2519
32.500000000000192 45.1469
32.600000000000193 45.1469
32.700000000000195 46.0681
32.800000000000196 46.1332
32.900000000000198 46.6935
33.000000000000199 47.0775
33.1000000000002 23.5387
33.200000000000202 23.5387
33.300000000000203 23.5812
33.400000000000205 23.5812
33.500000000000206 23.5812
33.600000000000207 1
33.700000000000209 1
33.80000000000021 2
33.900000000000212 2
34.000000000000213 4
34.100000000000215 8
34.200000000000216 8
34.300000000000217 11.4473
34.400000000000219 11.4473
34.50000000000022 12.3741
34.600000000000222 12.3741
34.700000000000223 13.3113
34.800000000000225 13.3113
34.900000000000226 14.2569
35.000000000000227 14.2569
35.100000000000229 15.2094
35.20000000000023 15.2094
35.300000000000232 16.1674
35.400000000000233 16.1674
35.500000000000234 17.1302
35.600000000000236 17.1302
35.700000000000237 18.0969
35.800000000000239 18.0969
35.90000000000024 19.067
36.000000000000242 19.067
36.100000000000243 20.04
36.200000000000244 20.04
36.300000000000246 21.0154
36.400000000000247 21.0154
36.500000000000249 21.9931
36.60000000000025 22.0385
36.700000000000252 22.9289
36.800000000000253 23.0595
36.900000000000254 23.87
37.000000000000256 24.1203
37.100000000000257 24.8156
37.200000000000259 25.1362
37.30000000000026 25.7653
37.400000000000261 26.1891
37.500000000000263 26.7187
37.600000000000264 27.238
37.700000000000266 27.6753
37.800000000000267 28.2833
37.900000000000269 28.6349
38.00000000000027 29.3255
38.100000000000271 29.5972
38.200000000000273 30.4306
38.300000000000274 30.5618
38.400000000000276 31.4969
38.500000000000277 31.5286
38.600000000000279 32.4975
38.70000000000028 32.5282
38.800000000000281 33.4382
38.900000000000283 33.4681
39.000000000000284 34.3532
39.100000000000286 34.4404
39.200000000000287 35.2728
39.300000000000288 35.4143
39.40000000000029 36.1689
39.500000000000291 36.3895
39.600000000000293 37.0434
39.700000000000294 37.3661
39.800000000000296 37.8977
39.900000000000297 38.3438
40.000000000000298 38.6298
40.1000000000003 39.3227
40.200000000000301 39.4497
40.300000000000303 40.2778
40.400000000000304 40.3522
40.500000000000306 41.1135
40.600000000000307 41.2835
40.700000000000308 41.7892
40.80000000000031 20.8946
40.900000000000311 20.8946
41.000000000000313 20.9425
41.100000000000314 20.9425
41.200000000000315 20.9425
41.300000000000317 1
41.400000000000318 1
41.50000000000032 2
41.600000000000321 2
41.700000000000323 4
41.800000000000324 8
41.900000000000325 8
42.000000000000327 10.5857
42.100000000000328 10.5857
42.20000000000033 11.4952
42.300000000000331 11.4952
42.400000000000333 12.4184
42.500000000000334 12.4184
42.600000000000335 13.3525
42.700000000000337 13.3525
42.800000000000338 14.2954
42.90000000000034 14.2954
43.000000000000341 15.2454
43.100000000000342 15.2454
43.200000000000344 16.2014
43.300000000000345 16.2014
43.400000000000347 17.1622
43.500000000000348 17.2205
43.60000000000035 18.1272
43.700000000000351 18.3469
43.800000000000352 19.0958
43.900000000000354 19.4079
44.000000000000355 20.0673
44.100000000000357 20.6574
44.200000000000358 21.0415
44.30000000000036 21.8812
44.400000000000361 22.018
44.500000000000362 22.9964
44.600000000000364 22.9964
44.700000000000365 23.9348
44.800000000000367 23.9348
44.900000000000368 24.878
45.000000000000369 24.878
45.100000000000371 25.7866
45.200000000000372 25.8254
45.300000000000374 26.5891
45.400000000000375 26.7766
45.500000000000377 27.2948
45.600000000000378 27.7312
45.700000000000379 28.1254
45.800000000000381 28.689
45.900000000000382 29.0012
46.000000000000384 29.6494
46.100000000000385 29.7505
46.200000000000387 30.6124
46.300000000000388 30.6124
46.400000000000389 31.5777
46.500000000000391 31.5777
46.600000000000392 32.2672
46.700000000000394 32.5451
46.800000000000395 32.9726
46.900000000000396 16.5166
47.000000000000398 16.5166
47.100000000000399 16.5772
47.200000000000401 16.5772
47.300000000000402 16.5772
47.400000000000404 1
47.500000000000405 1
47.600000000000406 2
47.700000000000408 2
47.800000000000409 6
47.900000000000411 6
48.000000000000412 8.4888
48.100000000000414 8.95059
48.200000000000415 9.38942
48.300000000000416 9.80842
48.400000000000418 10.308
48.500000000000419 10.6907
48.600000000000421 11.2402
48.700000000000422 11.5919
48.800000000000423 12.1829
48.900000000000425 12.508
49.000000000000426 13.1339
49.100000000000428 13.4358
49.200000000000429 14.0914
49.300000000000431 14.3732
49.400000000000432 15.0544
49.500000000000433 15.3184
49.600000000000435 16.0218
49.700000000000436 16.27
49.800000000000438 16.9928
49.900000000000439 17.227
50.000000000000441 17.9111
50.100000000000442 18.1886
50.200000000000443 18.8377
50.300000000000445 19.154
50.400000000000446 19.7207
50.500000000000448 19.7714
50.600000000000449 20.37
50.70000000000045 20.7112
50.800000000000452 21.1418
50.900000000000453 21.6564
51.000000000000455 22.0685
51.100000000000456 22.6062
51.200000000000458 23.0448
51.300000000000459 23.5602
51.40000000000046 23.5602
51.500000000000462 11.9697
51.600000000000463 11.9697
51.700000000000465 12.0533
51.800000000000466 12.0533
51.900000000000468 13.0138
52.000000000000469 13.0906
52.10000000000047 13.9796
52.200000000000472 14.4035
52.300000000000473 14.8827
52.400000000000475 15.5415
52.500000000000476 15.7972
52.600000000000477 16.4802
52.700000000000479 16.7215
52.80000000000048 17.4256
52.900000000000482 17.654
53.000000000000483 18.3767
53.100000000000485 18.5934
53.200000000000486 19.3328
53.300000000000487 19.5388
53.400000000000489 20.3422
53.50000000000049 20.4894
53.600000000000492 21.3976
53.700000000000493 21.4443
53.800000000000495 22.4032
53.900000000000496 22.6697
54.000000000000497 23.3655
54.100000000000499 24.0411
54.2000000000005 24.3308
54.300000000000502 25.14
54.400000000000503 25.2987
54.500000000000504 26.1162
54.600000000000506 26.269
54.700000000000507 27.0942
54.800000000000509 27.2415
54.90000000000051 28.0736
55.000000000000512 28.2158
55.100000000000513 29.0545
55.200000000000514 29.1919
55.300000000000516 30.0366
55.400000000000517 30.1695
55.500000000000519 31.052
55.60000000000052 31.3088
55.700000000000522 32.0977
55.800000000000523 32.4696
55.900000000000524 33.1103
56.000000000000526 33.5903
56.100000000000527 34.0929
56.200000000000529 34.7324
56.30000000000053 35.0764
56.400000000000531 35.8382
56.500000000000533 36.0608
56.600000000000534 36.8293
56.700000000000536 37.046
56.800000000000537 37.7945
56.900000000000539 38.032
57.00000000000054 38.7615
57.100000000000541 39.0187
57.200000000000543 39.73
57.300000000000544 40.006
57.400000000000546 40.7493
57.500000000000547 40.994
57.600000000000549 41.8393
57.70000000000055 41.9587
57.800000000000551 42.9017
57.900000000000553 42.925
58.000000000000554 43.8928
58.100000000000556 43.8928
58.200000000000557 44.862
58.300000000000558 44.862
58.40000000000056 45.8325
58.500000000000561 45.8325
58.600000000000563 46.8043
58.700000000000564 46.8043
58.800000000000566 47.7772
58.900000000000567 47.7772
59.000000000000568 48.6485
59.10000000000057 48.7512
59.200000000000571 49.5449
59.300000000000573 49.7263
59.400000000000574 50.465
59.500000000000576 50.7023
59.600000000000577 51.2712
59.700000000000578 51.6792
59.80000000000058 52.0456
59.900000000000581 52.657
60.000000000000583 52.7519
60.100000000000584 53.5609
60.200000000000585 53.6356
60.300000000000587 54.4131
60.400000000000588 54.615
60.50000000000059 55.1979
60.600000000000591 55.5951
60.700000000000593 56.3101
60.800000000000594 56.5759
60.900000000000595 57.3484
61.000000000000597 57.5573
61.100000000000598 58.3683
61.2000000000006 58.6077
61.300000000000601 59.4044
61.400000000000603 59.6228
61.500000000000604 60.4557
61.600000000000605 60.6869
61.700000000000607 61.4891
61.800000000000608 61.7488
61.90000000000061 62.4734
62.000000000000611 62.8724
62.100000000000612 63.4582
62.200000000000614 63.9762
62.300000000000615 64.4435
62.400000000000617 65.0305
62.500000000000618 65.4292
62.60000000000062 66.0378
62.700000000000621 66.4303
62.800000000000622 67.0448
62.900000000000624 67.4315
63.000000000000625 68.0516
63.100000000000627 68.4326
63.200000000000628 69.0582
63.30000000000063 69.4337
63.400000000000631 70.0931
63.500000000000632 70.4631
63.600000000000634 71.113
63.700000000000635 71.5197
63.800000000000637 72.1601
63.900000000000638 72.5746
64.000000000000639 73.2058
64.100000000000634 73.6552
64.200000000000628 74.2637
64.300000000000622 74.7202
64.400000000000617 75.2935
64.500000000000611 75.7966
64.600000000000605 76.2963
64.7000000000006 76.8449
64.800000000000594 77.2861
64.900000000000588 77.8919
65.000000000000583 78.2761
65.100000000000577 78.9124
65.200000000000571 79.2917
65.300000000000566 79.9323
65.40000000000056 80.3317
65.500000000000554 80.9641
65.600000000000549 81.383
65.700000000000543 81.9951
65.800000000000537 82.3966
65.900000000000531 82.9772
66.000000000000526 83.362
66.10000000000052 83.9597
66.200000000000514 84.3044
66.300000000000509 84.919
66.400000000000503 85.2129
66.500000000000497 85.8676
66.600000000000492 86.2047
66.700000000000486 86.8174
66.80000000000048 87.1623
66.900000000000475 87.7683
67.000000000000469 88.0981
67.100000000000463 88.6751
67.200000000000458 89.0465
67.300000000000452 89.5281
67.400000000000446 89.9739
67.500000000000441 90.2735
67.600000000000435 90.8587
67.700000000000429 91.1444
67.800000000000423 91.7677
67.900000000000418 92.0723
68.000000000000412 92.7002
68.100000000000406 93.0877
68.200000000000401 93.7301
68.300000000000395 94.1134
68.400000000000389 94.7489
68.500000000000384 95.1281
68.600000000000378 95.7672
68.700000000000372 96.1632
68.800000000000367 96.7955
68.900000000000361 97.1976
69.000000000000355 97.8232
69.10000000000035 98.2313
69.200000000000344 98.8402
69.300000000000338 99.2542
69.400000000000333 99.8469
69.500000000000327 100.257
69.600000000000321 100.843
69.700000000000315 101.229
69.80000000000031 101.83
69.900000000000304 102.193
70.000000000000298 102.798
70.100000000000293 103.138
70.200000000000287 103.766
70.300000000000281 104.084
70.400000000000276 104.697
70.50000000000027 105.05
70.600000000000264 105.619
70.700000000000259 106.026
70.800000000000253 106.524
70.900000000000247 106.937
71.000000000000242 107.31
71.100000000000236 107.859
71.20000000000023 108.164
71.300000000000225 108.754
71.400000000000219 109.066
71.500000000000213 54.698
71.600000000000207 54.698
71.700000000000202 54.7163
71.800000000000196 54.9352
71.90000000000019 55.6946
72.000000000000185 55.9455
72.100000000000179 56.6737
72.200000000000173 56.9729
72.300000000000168 57.6535
72.400000000000162 58.0166
72.500000000000156 58.634
72.600000000000151 59.0419
72.700000000000145 59.6151
72.800000000000139 60.0663
72.900000000000134 60.6133
73.000000000000128 61.1227
73.100000000000122 61.5954
73.200000000000117 62.1611
73.300000000000111 62.6259
73.400000000000105 63.1982
73.500000000000099 63.6398
73.600000000000094 64.2031
73.700000000000088 64.6223
73.800000000000082 65.177
73.900000000000077 65.59
74.000000000000071 66.1367
74.100000000000065 66.5588
74.20000000000006 67.0826
74.300000000000054 67.4839
74.400000000000048 67.9418
74.500000000000043 68.4697
74.600000000000037 68.8339
74.700000000000031 69.4558
74.800000000000026 69.7289
74.90000000000002 70.3855
75.000000000000014 70.6691
75.100000000000009 71.247
75.200000000000003 71.5691
75.299999999999997 72.0982
75.399999999999991 72.4579
75.499999999999986 72.8297
75.59999999999998 73.4041
75.699999999999974 73.6897
75.799999999999969 37.0681
75.899999999999963 37.0681
75.999999999999957 37.0951
76.099999999999952 37.0951
76.199999999999946 38.0798
76.29999999999994 38.0798
76.399999999999935 39.0653
76.499999999999929 39.142
76.599999999999923 40.0515
76.699999999999918 40.2011
76.799999999999912 41.0383
76.899999999999906 41.2814
76.999999999999901 42.0258
77.099999999999895 42.3813
77.199999999999889 43.0139
77.299999999999883 43.4535
77.399999999999878 44.0025
77.499999999999872 44.5447
77.599999999999866 44.9915
77.699999999999861 45.6098
77.799999999999855 45.9593
77.899999999999849 46.6934
77.999999999999844 46.9285
78.099999999999838 47.7315
78.199999999999832 47.9197
78.299999999999827 48.7475
78.399999999999821 48.9114
78.499999999999815 49.7025
78.59999999999981 49.8833
78.699999999999804 50.6395
78.799999999999798 50.8366
78.899999999999793 51.5594
78.999999999999787 51.7917
79.099999999999781 52.4632
79.199999999999775 52.7674
79.29999999999977 53.3892
79.399999999999764 53.744
79.499999999999758 54.2626
79.599999999999753 54.7214
79.699999999999747 55.1039
79.799999999999741 55.6997
79.899999999999736 55.9684
79.99999999999973 56.608
80.099999999999724 56.7844
80.199999999999719 57.415
80.299999999999713 57.6584
80.399999999999707 58.2623
80.499999999999702 29.234
80.599999999999696 29.234
80.69999999999969 29.2682
80.799999999999685 29.5065
80.899999999999679 30.2433
80.999999999999673 30.6051
81.099999999999667 31.22
81.199999999999662 31.6971
81.299999999999656 32.1982
81.39999999999965 32.7832
81.499999999999645 33.1776
81.599999999999639 33.9525
81.699999999999633 34.1582
81.799999999999628 35.0829
81.899999999999622 35.1399
81.999999999999616 36.1225
82.099999999999611 36.1225
82.199999999999605 37.1061
82.299999999999599 37.1331
82.399999999999594 38.0905
82.499999999999588 38.143
82.599999999999582 39.0758
82.699999999999577 39.178
82.799999999999571 40.0617
82.899999999999565 40.2361
82.999999999999559 41.0483
83.099999999999554 41.3155
83.199999999999548 42.0356
83.299999999999542 42.391
83.399999999999537 43.0234
83.499999999999531 43.4629
83.599999999999525 44.0118
83.69999999999952 44.5089
83.799999999999514 45.0006
83.899999999999508 45.5749
83.999999999999503 46.0117
84.099999999999497 46.6164
84.199999999999491 47.0223
84.299999999999486 47.6142
84.39999999999948 48.0325
84.499999999999474 48.6532
84.599999999999469 49.083
84.699999999999463 49.6705
84.799999999999457 50.0916
84.899999999999451 50.7068
84.999999999999446 51.1389
85.09999999999944 51.7996
85.199999999999434 52.146
85.299999999999429 52.7941
85.399999999999423 53.1716
85.499999999999417 53.7702
85.599999999999412 54.2332
85.699999999999406 54.7472
85.7999999999994 55.3106
85.899999999999395 55.725
85.999999999999389 56.3319
86.099999999999383 56.7035
86.199999999999378 57.335
86.299999999999372 57.6828
86.399999999999366 58.3379
86.499999999999361 58.6969
86.599999999999355 59.324
86.699999999999349 59.677
86.799999999999343 60.3104
86.899999999999338 60.6412
86.999999999999332 61.281
87.099999999999326 61.6066
87.199999999999321 62.2365
87.299999999999315 62.589
87.399999999999309 63.1141
87.499999999999304 63.572
87.599999999999298 64.011
87.699999999999292 64.5555
87.799999999999287 64.8338
87.899999999999281 65.5243
87.999999999999275 65.6767
88.09999999999927 66.3886
88.199999999999264 66.5691
88.299999999999258 67.1674
88.399999999999253 67.509
88.499999999999247 67.9667
88.599999999999241 68.4944
88.699999999999235 68.7421
88.79999999999923 34.4001
88.899999999999224 34.4001
88.999999999999218 34.7186
89.099999999999213 35.205
89.199999999999207 35.6848
89.299999999999201 36.2963
89.399999999999196 36.6529
89.49999999999919 37.3558
89.599999999999184 37.6226
89.699999999999179 38.3338
89.799999999999173 38.5939
89.899999999999167 39.3129
89.999999999999162 39.5918
90.099999999999156 40.3427
90.19999999999915 40.6145
90.299999999999145 41.3709
90.399999999999139 41.612
90.499999999999133 42.445
90.599999999999127 42.5862
90.699999999999122 43.4466
90.799999999999116 43.5615
90.89999999999911 44.403
90.999999999999105 44.5379
91.099999999999099 45.3172
91.199999999999093 45.4934
91.299999999999088 46.2349
91.399999999999082 46.4723
91.499999999999076 47.1772
91.599999999999071 47.4098
91.699999999999065 48.101
91.799999999999059 48.3706
91.899999999999054 48.8438
91.999999999999048 49.3531
92.099999999999042 49.6159
92.199999999999037 50.3364
92.299999999999031 50.4356
92.399999999999025 51.2813
92.499999999999019 51.3787
92.599999999999014 52.1132
92.699999999999008 52.3239
92.799999999999002 52.7996
92.899999999998997 26.4471
92.999999999998991 26.4471
93.099999999998985 26.4849
93.19999999999898 26.4849
93.299999999998974 26.4849
93.399999999998968 1
93.499999999998963 1
93.599999999998957 2
93.699999999998951 4
93.799999999998946 4
93.89999999999894 8
93.999999999998934 8
94.099999999998929 13.2294
94.199999999998923 13.2294
94.299999999998917 14.1805
94.399999999998911 14.1805
94.499999999998906 15.1378
94.5999999999989 15.1378
94.699999999998894 16.1001
94.799999999998889 16.1001
94.899999999998883 17.0667
94.999999999998877 17.0667
95.099999999998872 18.0369
95.199999999998866 18.0369
95.29999999999886 18.9573
95.399999999998855 19.01
95.499999999998849 19.4269
95.599999999998843 19.9858
95.699999999998838 20.0358
95.799999999998832 20.9159
95.899999999998826 20.9159
95.99999999999882 21.8522
96.099999999998815 21.8522
96.199999999998809 22.7939
96.299999999998803 22.7939
96.399999999998798 23.7403
96.499999999998792 23.7403
96.599999999998786 24.0752
96.699999999998781 12.2233
96.799999999998775 12.2233
96.899999999998769 12.3051
96.999999999998764 12.3051
97.099999999998758 13.2472
97.199999999998752 13.2472
97.299999999998747 14.1971
97.399999999998741 14.1971
97.499999999998735 15.1533
97.59999999999873 15.3505
97.699999999998724 16.1148
97.799999999998718 16.4836
97.899999999998712 17.0805
97.999999999998707 17.7703
98.099999999998701 18.0499
98.199999999998695 18.9168
98.29999999999869 19.0224
98.399999999998684 19.9975
98.499999999998678 19.9975
98.599999999998673 20.9272
98.699999999998667 20.9272
98.799999999998661 21.863
98.899999999998656 21.863
98.99999999999865 22.8042
99.099999999998644 22.8042
99.199999999998639 23.7502
99.299999999998633 23.7502
99.399999999998627 23.7502
99.499999999998622 1
99.599999999998616 1
99.69999999999861 1
99.799999999998604 1
99.899999999998599 1
99.999999999998593 1
